0 0.000002
100000 0.000476
200000 0.000950
300000 0.001425
400000 0.001908
500000 0.002374
600000 0.002274
700000 0.002206
800000 0.002499
900000 0.002831
1000000 0.003096
1100000 0.003008
1200000 0.003310
1300000 0.003617
1400000 0.003945
1500000 0.004258
1600000 0.004411
1700000 0.004764
1800000 0.004998
1900000 0.005267
2000000 0.005538
2100000 0.005995
2200000 0.006179
2300000 0.006380
2400000 0.006763
2500000 0.006886
2600000 0.007243
2700000 0.007552
2800000 0.007796
2900000 0.008005
3000000 0.008271
3100000 0.008669
3200000 0.008912
3300000 0.009239
3400000 0.009431
3500000 0.009687
3600000 0.010205
3700000 0.010322
3800000 0.010498
3900000 0.010782
4000000 0.010845
4100000 0.011165
4200000 0.011506
4300000 0.011642
4400000 0.011961
4500000 0.012429
4600000 0.012902
4700000 0.012938
4800000 0.013119
4900000 0.013317
5000000 0.013670
5100000 0.014095
5200000 0.014092
5300000 0.014366
5400000 0.014845
5500000 0.014830
5600000 0.015163
5700000 0.015416
5800000 0.015631
5900000 0.015957
6000000 0.016359
6100000 0.016577
6200000 0.016790
6300000 0.017157
6400000 0.017352
6500000 0.017582
6600000 0.017917
6700000 0.018354
6800000 0.018452
6900000 0.018563
7000000 0.019040
7100000 0.019197
7200000 0.019759
7300000 0.019718
7400000 0.020221
7500000 0.020499
7600000 0.020810
7700000 0.020896
7800000 0.021278
7900000 0.021624
8000000 0.021755
8100000 0.022616
8200000 0.022733
8300000 0.022515
8400000 0.022903
8500000 0.023014
8600000 0.023500
8700000 0.023734
8800000 0.023782
8900000 0.024190
9000000 0.024373
9100000 0.024587
9200000 0.024743
9300000 0.025520
9400000 0.025510
9500000 0.025745
9600000 0.026112
9700000 0.026321
9800000 0.026571
9900000 0.026606
10000000 0.027172
10100000 0.027545
10200000 0.027553
10300000 0.027830
10400000 0.028487
10500000 0.028391
10600000 0.028581
10700000 0.028978
10800000 0.029287
10900000 0.029638
11000000 0.029546
11100000 0.029985
11200000 0.030981
11300000 0.030708
11400000 0.030912
11500000 0.031723
11600000 0.031752
11700000 0.032190
11800000 0.032450
11900000 0.032104
12000000 0.033488
12100000 0.033071
12200000 0.033320
12300000 0.033288
12400000 0.033543
12500000 0.033886
12600000 0.034436
12700000 0.034383
12800000 0.034682
12900000 0.034980
13000000 0.035322
13100000 0.035477
13200000 0.035835
13300000 0.035747
13400000 0.036294
13500000 0.036391
13600000 0.036781
13700000 0.037253
13800000 0.037340
13900000 0.037470
14000000 0.037749
14100000 0.038825
14200000 0.038659
14300000 0.038751
14400000 0.039588
14500000 0.039740
14600000 0.039547
14700000 0.039980
14800000 0.041008
14900000 0.040872
15000000 0.041355
15100000 0.041955
15200000 0.041887
15300000 0.042847
15400000 0.042583
15500000 0.042832
15600000 0.043244
15700000 0.043389
15800000 0.042655
15900000 0.043194
16000000 0.043281
16100000 0.043566
16200000 0.044333
16300000 0.044103
16400000 0.044586
16500000 0.045010
16600000 0.045242
16700000 0.045010
16800000 0.045811
16900000 0.046221
17000000 0.046821
17100000 0.047193
17200000 0.047153
17300000 0.047618
17400000 0.047965
17500000 0.047953
17600000 0.048903
17700000 0.048627
17800000 0.048838
17900000 0.050222
18000000 0.049953
18100000 0.050018
18200000 0.050281
18300000 0.050441
18400000 0.050691
18500000 0.051052
18600000 0.051503
18700000 0.051978
18800000 0.052952
18900000 0.051874
19000000 0.052758
19100000 0.053102
19200000 0.052916
19300000 0.052982
19400000 0.053300
19500000 0.053919
19600000 0.054435
19700000 0.054771
19800000 0.055070
19900000 0.055064
20000000 0.055079
20100000 0.056166
20200000 0.055821
20300000 0.056628
20400000 0.055857
20500000 0.056112
20600000 0.056891
20700000 0.056616
20800000 0.057035
20900000 0.057373
21000000 0.057568
21100000 0.057733
21200000 0.058444
21300000 0.058655
21400000 0.058651
21500000 0.059149
21600000 0.059155
21700000 0.059748
21800000 0.059553
21900000 0.059955
22000000 0.060490
22100000 0.060341
22200000 0.061004
22300000 0.061249
22400000 0.061706
22500000 0.062560
22600000 0.062808
22700000 0.062486
22800000 0.062336
22900000 0.063022
23000000 0.063052
23100000 0.063005
23200000 0.063547
23300000 0.063562
23400000 0.063978
23500000 0.064121
23600000 0.063961
23700000 0.064776
23800000 0.064333
23900000 0.064778
24000000 0.066563
24100000 0.067772
24200000 0.067279
24300000 0.067119
24400000 0.066873
24500000 0.067342
24600000 0.067682
24700000 0.067993
24800000 0.067750
24900000 0.067949
25000000 0.068497
25100000 0.068563
25200000 0.069172
25300000 0.069084
25400000 0.069521
25500000 0.069772
25600000 0.070378
25700000 0.071028
25800000 0.070784
25900000 0.071120
26000000 0.070943
26100000 0.071368
26200000 0.071358
26300000 0.071864
26400000 0.072746
26500000 0.073174
26600000 0.072795
26700000 0.073739
26800000 0.073770
26900000 0.074064
27000000 0.074360
27100000 0.074710
27200000 0.074215
27300000 0.074921
27400000 0.074905
27500000 0.075096
27600000 0.075992
27700000 0.075683
27800000 0.076282
27900000 0.077249
28000000 0.076727
28100000 0.076569
28200000 0.077149
28300000 0.078590
28400000 0.078619
28500000 0.078215
28600000 0.078374
28700000 0.078467
28800000 0.079128
28900000 0.078514
29000000 0.078280
29100000 0.079210
29200000 0.079614
29300000 0.080912
29400000 0.080811
29500000 0.082094
29600000 0.084916
29700000 0.083665
29800000 0.082103
29900000 0.081853
30000000 0.083549
30100000 0.085740
30200000 0.084428
30300000 0.083239
30400000 0.084491
30500000 0.085190
30600000 0.085350
30700000 0.087034
30800000 0.085751
30900000 0.084157
31000000 0.085940
31100000 0.085995
31200000 0.086204
31300000 0.085137
31400000 0.086133
31500000 0.086173
31600000 0.086796
31700000 0.086855
31800000 0.086979
31900000 0.087341
32000000 0.087969
32100000 0.087860
32200000 0.087711
32300000 0.088139
32400000 0.088331
32500000 0.087529
32600000 0.087829
32700000 0.088557
32800000 0.087808
32900000 0.088290
33000000 0.088922
33100000 0.088880
33200000 0.088953
33300000 0.089610
33400000 0.089499
33500000 0.090488
33600000 0.090036
33700000 0.091013
33800000 0.090817
33900000 0.091507
34000000 0.091401
34100000 0.091970
34200000 0.092183
34300000 0.093073
34400000 0.093207
34500000 0.094209
34600000 0.094561
34700000 0.093466
34800000 0.093835
34900000 0.093912
35000000 0.094139
35100000 0.094491
35200000 0.094696
35300000 0.095632
35400000 0.095463
35500000 0.095683
35600000 0.095705
35700000 0.096231
35800000 0.096881
35900000 0.096529
36000000 0.096855
36100000 0.097160
36200000 0.098399
36300000 0.098403
36400000 0.099182
36500000 0.098492
36600000 0.098409
36700000 0.098786
36800000 0.098886
36900000 0.099062
37000000 0.099505
37100000 0.100342
37200000 0.100161
37300000 0.100596
37400000 0.103207
37500000 0.103533
37600000 0.103607
37700000 0.104297
37800000 0.104063
37900000 0.104102
38000000 0.106657
38100000 0.105737
38200000 0.105083
38300000 0.105753
38400000 0.106428
38500000 0.106449
38600000 0.106589
38700000 0.106672
38800000 0.107349
38900000 0.104834
39000000 0.105438
39100000 0.105444
39200000 0.106274
39300000 0.106329
39400000 0.107252
39500000 0.107872
39600000 0.107313
39700000 0.106556
39800000 0.107388
39900000 0.108371
40000000 0.110398
40100000 0.108493
40200000 0.108889
40300000 0.108404
40400000 0.109034
40500000 0.108891
40600000 0.109151
40700000 0.109044
40800000 0.110500
40900000 0.111166
41000000 0.111834
41100000 0.111162
41200000 0.111478
41300000 0.111165
41400000 0.111678
41500000 0.111426
41600000 0.112012
41700000 0.112784
41800000 0.113517
41900000 0.113759
42000000 0.115480
42100000 0.113844
42200000 0.113257
42300000 0.113532
42400000 0.113834
42500000 0.114748
42600000 0.115182
42700000 0.115896
42800000 0.116836
42900000 0.118505
43000000 0.118951
43100000 0.118831
43200000 0.116805
43300000 0.116042
43400000 0.117106
43500000 0.117867
43600000 0.118305
43700000 0.119983
43800000 0.119359
43900000 0.118064
44000000 0.118610
44100000 0.118465
44200000 0.118800
44300000 0.119041
44400000 0.119773
44500000 0.120873
44600000 0.120157
44700000 0.120468
44800000 0.120453
44900000 0.120289
45000000 0.120909
45100000 0.121134
45200000 0.121285
45300000 0.121602
45400000 0.121942
45500000 0.122322
45600000 0.122388
45700000 0.123048
45800000 0.122824
45900000 0.123318
46000000 0.123360
46100000 0.123877
46200000 0.124591
46300000 0.125142
46400000 0.124737
46500000 0.125098
46600000 0.124949
46700000 0.126487
46800000 0.126338
46900000 0.127038
47000000 0.127276
47100000 0.127840
47200000 0.127677
47300000 0.126744
47400000 0.127444
47500000 0.127707
47600000 0.127753
47700000 0.128492
47800000 0.128437
47900000 0.128485
48000000 0.128547
48100000 0.129242
48200000 0.129644
48300000 0.129882
48400000 0.130205
48500000 0.131012
48600000 0.131086
48700000 0.131323
48800000 0.131208
48900000 0.131319
49000000 0.131940
49100000 0.131954
49200000 0.132247
49300000 0.132584
49400000 0.133056
49500000 0.133030
49600000 0.133332
49700000 0.133831
49800000 0.133877
49900000 0.134056
50000000 0.134679
50100000 0.135954
50200000 0.135140
50300000 0.134964
50400000 0.135548
50500000 0.135635
50600000 0.135976
50700000 0.136569
50800000 0.136488
50900000 0.136901
51000000 0.136909
51100000 0.136930
51200000 0.137401
51300000 0.137976
51400000 0.138418
51500000 0.139829
51600000 0.138918
51700000 0.138896
51800000 0.139117
51900000 0.139448
52000000 0.140651
52100000 0.140429
52200000 0.140436
52300000 0.140804
52400000 0.140923
52500000 0.140788
52600000 0.141238
52700000 0.141067
52800000 0.141540
52900000 0.142570
53000000 0.144214
53100000 0.143474
53200000 0.142812
53300000 0.143787
53400000 0.143592
53500000 0.143792
53600000 0.143951
53700000 0.144191
53800000 0.144129
53900000 0.144541
54000000 0.144950
54100000 0.145100
54200000 0.145366
54300000 0.146355
54400000 0.147124
54500000 0.147335
54600000 0.146532
54700000 0.146744
54800000 0.147156
54900000 0.147288
55000000 0.147505
55100000 0.148433
55200000 0.148069
55300000 0.148167
55400000 0.148571
55500000 0.151279
55600000 0.149117
55700000 0.150044
55800000 0.150341
55900000 0.150092
56000000 0.150358
56100000 0.150768
56200000 0.151099
56300000 0.151597
56400000 0.151267
56500000 0.151533
56600000 0.151853
56700000 0.152042
56800000 0.152759
56900000 0.152638
57000000 0.153653
57100000 0.153494
57200000 0.154236
57300000 0.153471
57400000 0.153909
57500000 0.157314
57600000 0.157941
57700000 0.155526
57800000 0.155597
57900000 0.155824
58000000 0.155549
58100000 0.155797
58200000 0.156065
58300000 0.156681
58400000 0.157522
58500000 0.156761
58600000 0.157451
58700000 0.157223
58800000 0.160444
58900000 0.157932
59000000 0.157812
59100000 0.162200
59200000 0.158520
59300000 0.159158
59400000 0.159156
59500000 0.159557
59600000 0.160070
59700000 0.159861
59800000 0.160094
59900000 0.160676
60000000 0.161108
60100000 0.161123
60200000 0.161966
60300000 0.161929
60400000 0.162319
60500000 0.162201
60600000 0.162268
60700000 0.162597
60800000 0.163699
60900000 0.164312
61000000 0.163576
61100000 0.163738
61200000 0.165568
61300000 0.165676
61400000 0.165476
61500000 0.165207
61600000 0.165180
61700000 0.165477
61800000 0.165890
61900000 0.166269
62000000 0.166859
62100000 0.166600
62200000 0.166979
62300000 0.167239
62400000 0.168679
62500000 0.169857
62600000 0.168469
62700000 0.168570
62800000 0.168321
62900000 0.169108
63000000 0.169963
63100000 0.170060
63200000 0.171135
63300000 0.170632
63400000 0.169861
63500000 0.170021
63600000 0.171017
63700000 0.171912
63800000 0.171072
63900000 0.174015
64000000 0.171645
64100000 0.171551
64200000 0.173116
64300000 0.172940
64400000 0.173714
64500000 0.172933
64600000 0.177248
64700000 0.177719
64800000 0.175326
64900000 0.174878
65000000 0.174783
65100000 0.175346
65200000 0.175652
65300000 0.175636
65400000 0.175656
65500000 0.176389
65600000 0.177129
65700000 0.177307
65800000 0.176886
65900000 0.177018
66000000 0.177610
66100000 0.177178
66200000 0.177359
66300000 0.177975
66400000 0.182758
66500000 0.180855
66600000 0.181491
66700000 0.179493
66800000 0.179383
66900000 0.179405
67000000 0.179786
67100000 0.180025
67200000 0.180801
67300000 0.180914
67400000 0.180936
67500000 0.181725
67600000 0.182666
67700000 0.184084
67800000 0.182479
67900000 0.182151
68000000 0.182152
68100000 0.182664
68200000 0.182723
68300000 0.184590
68400000 0.183771
68500000 0.183473
68600000 0.184416
68700000 0.185335
68800000 0.186511
68900000 0.186117
69000000 0.185497
69100000 0.185369
69200000 0.187768
69300000 0.188848
69400000 0.186574
69500000 0.187470
69600000 0.187291
69700000 0.187742
69800000 0.189443
69900000 0.188847
70000000 0.188240
70100000 0.188358
70200000 0.188425
70300000 0.189202
70400000 0.188974
70500000 0.189071
70600000 0.189469
70700000 0.189838
70800000 0.190064
70900000 0.190489
71000000 0.191152
71100000 0.191003
71200000 0.190837
71300000 0.191318
71400000 0.191610
71500000 0.192063
71600000 0.192070
71700000 0.192799
71800000 0.192680
71900000 0.194532
72000000 0.194185
72100000 0.193865
72200000 0.193725
72300000 0.193811
72400000 0.193934
72500000 0.194413
72600000 0.194756
72700000 0.194642
72800000 0.195154
72900000 0.195852
73000000 0.196411
73100000 0.197040
73200000 0.196350
73300000 0.196393
73400000 0.198186
73500000 0.200040
73600000 0.197923
73700000 0.197591
73800000 0.198238
73900000 0.198871
74000000 0.199408
74100000 0.199294
74200000 0.198768
74300000 0.199990
74400000 0.200768
74500000 0.200912
74600000 0.199917
74700000 0.200422
74800000 0.200355
74900000 0.201844
75000000 0.202867
75100000 0.201760
75200000 0.201712
75300000 0.202396
75400000 0.203838
75500000 0.206086
75600000 0.202970
75700000 0.202741
75800000 0.203335
75900000 0.205265
76000000 0.205265
76100000 0.205714
76200000 0.204532
76300000 0.204699
76400000 0.205046
76500000 0.205076
76600000 0.205256
76700000 0.205648
76800000 0.206820
76900000 0.207379
77000000 0.207039
77100000 0.205961
77200000 0.206283
77300000 0.207413
77400000 0.207106
77500000 0.207420
77600000 0.208826
77700000 0.210535
77800000 0.212161
77900000 0.209794
78000000 0.210947
78100000 0.210873
78200000 0.212371
78300000 0.212188
78400000 0.213564
78500000 0.211377
78600000 0.210826
78700000 0.211770
78800000 0.213254
78900000 0.216912
79000000 0.211970
79100000 0.214168
79200000 0.213535
79300000 0.215106
79400000 0.213954
79500000 0.213567
79600000 0.213572
79700000 0.215767
79800000 0.215647
79900000 0.217203
80000000 0.214677
80100000 0.214504
80200000 0.218506
80300000 0.215649
80400000 0.215895
80500000 0.215792
80600000 0.221266
80700000 0.218336
80800000 0.218042
80900000 0.217231
81000000 0.218531
81100000 0.218775
81200000 0.218057
81300000 0.218124
81400000 0.218185
81500000 0.219086
81600000 0.219561
81700000 0.220070
81800000 0.219702
81900000 0.219515
82000000 0.219999
82100000 0.219968
82200000 0.221608
82300000 0.220825
82400000 0.222965
82500000 0.224586
82600000 0.222888
82700000 0.222118
82800000 0.222453
82900000 0.222863
83000000 0.222918
83100000 0.226340
83200000 0.229877
83300000 0.227074
83400000 0.225110
83500000 0.230470
83600000 0.239474
83700000 0.232054
83800000 0.235494
83900000 0.229563
84000000 0.230102
84100000 0.229441
84200000 0.229767
84300000 0.228942
84400000 0.229530
84500000 0.239738
84600000 0.230346
84700000 0.231595
84800000 0.231963
84900000 0.230843
85000000 0.232125
85100000 0.231960
85200000 0.234120
85300000 0.241710
85400000 0.234357
85500000 0.231876
85600000 0.232539
85700000 0.239781
85800000 0.234568
85900000 0.232994
86000000 0.233336
86100000 0.231991
86200000 0.231551
86300000 0.231840
86400000 0.232398
86500000 0.231896
86600000 0.232205
86700000 0.233184
86800000 0.233929
86900000 0.234512
87000000 0.233534
87100000 0.233442
87200000 0.234881
87300000 0.234589
87400000 0.233919
87500000 0.234672
87600000 0.236553
87700000 0.236841
87800000 0.235941
87900000 0.236122
88000000 0.238650
88100000 0.239915
88200000 0.240630
88300000 0.239595
88400000 0.237636
88500000 0.237331
88600000 0.239189
88700000 0.238652
88800000 0.238830
88900000 0.240584
89000000 0.240078
89100000 0.239608
89200000 0.239428
89300000 0.239756
89400000 0.241487
89500000 0.240197
89600000 0.240171
89700000 0.241352
89800000 0.242497
89900000 0.241773
90000000 0.241199
90100000 0.242623
90200000 0.243453
90300000 0.244398
90400000 0.242565
90500000 0.243544
90600000 0.244085
90700000 0.243227
90800000 0.243139
90900000 0.245679
91000000 0.246144
91100000 0.245310
91200000 0.245962
91300000 0.244947
91400000 0.245351
91500000 0.245708
91600000 0.245784
91700000 0.246529
91800000 0.247840
91900000 0.248155
92000000 0.246889
92100000 0.246847
92200000 0.247629
92300000 0.247697
92400000 0.247824
92500000 0.247985
92600000 0.248448
92700000 0.249635
92800000 0.249535
92900000 0.250712
93000000 0.250672
93100000 0.251450
93200000 0.251274
93300000 0.249648
93400000 0.249686
93500000 0.251767
93600000 0.252006
93700000 0.251272
93800000 0.250831
93900000 0.251540
94000000 0.251918
94100000 0.255368
94200000 0.253972
94300000 0.253548
94400000 0.254311
94500000 0.252942
94600000 0.253516
94700000 0.253819
94800000 0.254210
94900000 0.254325
95000000 0.255677
95100000 0.257189
95200000 0.256939
95300000 0.255604
95400000 0.256054
95500000 0.258317
95600000 0.257696
95700000 0.257030
95800000 0.257353
95900000 0.258089
96000000 0.257350
96100000 0.257743
96200000 0.258193
96300000 0.258150
96400000 0.258409
96500000 0.258670
96600000 0.259370
96700000 0.259712
96800000 0.259511
96900000 0.260664
97000000 0.260282
97100000 0.259713
97200000 0.260364
97300000 0.263615
97400000 0.261278
97500000 0.261728
97600000 0.264177
97700000 0.272807
97800000 0.264960
97900000 0.274934
98000000 0.268763
98100000 0.269270
98200000 0.269156
98300000 0.264754
98400000 0.265829
98500000 0.264914
98600000 0.265182
98700000 0.264626
98800000 0.265572
98900000 0.266577
99000000 0.266272
99100000 0.265681
99200000 0.267066
99300000 0.266532
99400000 0.266470
99500000 0.268005
99600000 0.268307
99700000 0.268452
99800000 0.267439
99900000 0.269710
