0 0.000000 0.000000
10000 0.000000 0.000000
20000 0.000000 0.000000
30000 0.000000 0.000000
40000 0.000000 0.000000
50000 0.000000 0.000000
60000 0.000000 0.000000
70000 0.000000 0.000000
80000 0.000000 0.000000
90000 0.000000 0.000000
100000 0.000000 0.000000
110000 0.000000 0.000000
120000 0.000000 0.000000
130000 0.000000 0.000000
140000 0.000000 0.000000
150000 0.000000 0.000000
160000 0.000000 0.000000
170000 0.000000 0.000000
180000 0.000000 0.000000
190000 0.000000 0.000000
200000 0.000000 0.000000
210000 0.000000 0.000000
220000 0.000000 0.000000
230000 0.000000 0.000000
240000 0.000000 0.000000
250000 0.000000 0.000000
260000 0.000000 0.000000
270000 0.000000 0.000000
280000 0.000000 0.000000
290000 0.000000 0.000000
300000 0.000000 0.000000
310000 0.000000 0.000000
320000 0.000000 0.000000
330000 0.000000 0.000000
340000 0.000000 0.000000
350000 0.000000 0.000000
360000 0.000000 0.000000
370000 0.000000 0.000000
380000 0.000000 0.000000
390000 0.000000 0.000000
400000 0.000000 0.000000
410000 0.000000 0.000000
420000 0.000000 0.000000
430000 0.000000 0.000000
440000 0.000000 0.000000
450000 0.000000 0.000000
460000 0.000000 0.000000
470000 0.000000 0.000000
480000 0.000000 0.000000
490000 0.000000 0.000000
500000 0.000000 0.000000
510000 0.000000 0.000000
520000 0.000000 0.000000
530000 0.000000 0.000000
540000 0.000000 0.000000
550000 0.000000 0.000000
560000 0.000000 0.000000
570000 0.000000 0.000000
580000 0.000000 0.000000
590000 0.000000 0.000000
600000 0.000000 0.000000
610000 0.000000 0.000000
620000 0.000000 0.000000
630000 0.000000 0.000000
640000 0.000000 0.000000
650000 0.000000 0.000000
660000 0.000000 0.000000
670000 0.000000 0.000000
680000 0.000000 0.000000
690000 0.000000 0.000000
700000 0.000000 0.000000
710000 0.000000 0.000000
720000 0.000000 0.000000
730000 0.000000 0.000000
740000 0.000000 0.000000
750000 0.000000 0.000000
760000 0.000000 0.000000
770000 0.000000 0.000000
780000 0.000000 0.000000
790000 0.000000 0.000000
800000 0.000000 0.000000
810000 0.000000 0.000000
820000 0.000000 0.000000
830000 0.000000 0.000000
840000 0.000000 0.000000
850000 0.000000 0.000000
860000 0.000000 0.000000
870000 0.000000 0.000000
880000 0.000000 0.000000
890000 0.000000 0.000000
900000 0.000000 0.000000
910000 0.000000 0.000000
920000 0.000000 0.000000
930000 0.000000 0.000000
940000 0.000000 0.000000
950000 0.000000 0.000000
960000 0.000000 0.000000
970000 0.000000 0.000000
980000 0.000000 0.000000
990000 97.000000 0.000184
1000000 409.500000 0.000771
1010000 722.000000 0.001346
1020000 1034.500000 0.001909
1030000 1347.000000 0.002462
1040000 1659.500000 0.003004
1050000 1972.000000 0.003535
1060000 2284.500000 0.004057
1070000 2597.000000 0.004569
1080000 2909.500000 0.005071
1090000 3222.000000 0.005564
1100000 3534.500000 0.006048
1110000 3847.000000 0.006524
1120000 4159.500000 0.006991
1130000 4472.000000 0.007449
1140000 4784.500000 0.007900
1150000 5097.000000 0.008343
1160000 5409.500000 0.008778
1170000 5722.000000 0.009206
1180000 6034.500000 0.009626
1190000 6347.000000 0.010040
1200000 6659.500000 0.010446
1210000 6972.000000 0.010846
1220000 7284.500000 0.011239
1230000 7597.000000 0.011626
1240000 7909.500000 0.012007
1250000 8222.000000 0.012381
1260000 8534.500000 0.012750
1270000 8847.000000 0.013113
1280000 9159.500000 0.013470
1290000 9472.000000 0.013821
1300000 9784.500000 0.014168
1310000 10097.000000 0.014508
1320000 10409.500000 0.014844
1330000 10722.000000 0.015175
1340000 11034.500000 0.015501
1350000 11347.000000 0.015822
1360000 11659.500000 0.016138
1370000 11972.000000 0.016449
1380000 12284.500000 0.016756
1390000 12597.000000 0.017059
1400000 12909.500000 0.017357
1410000 13222.000000 0.017651
1420000 13534.500000 0.017941
1430000 13847.000000 0.018227
1440000 14159.500000 0.018509
1450000 14472.000000 0.018787
1460000 14784.500000 0.019061
1470000 15097.000000 0.019332
1480000 15409.500000 0.019599
1490000 15722.000000 0.019862
1500000 16034.500000 0.020122
1510000 16347.000000 0.020378
1520000 16659.500000 0.020631
1530000 16972.000000 0.020881
1540000 17284.500000 0.021127
1550000 17597.000000 0.021370
1560000 17909.500000 0.021610
1570000 18222.000000 0.021847
1580000 18534.500000 0.022081
1590000 18847.000000 0.022312
1600000 19159.500000 0.022541
1610000 19472.000000 0.022766
1620000 19784.500000 0.022989
1630000 20097.000000 0.023208
1640000 20409.500000 0.023426
1650000 20722.000000 0.023640
1660000 21034.500000 0.023852
1670000 21347.000000 0.024061
1680000 21659.500000 0.024268
1690000 21972.000000 0.024473
1700000 22284.500000 0.024675
1710000 22597.000000 0.024875
1720000 22909.500000 0.025072
1730000 23222.000000 0.025267
1740000 23534.500000 0.025460
1750000 23847.000000 0.025651
1760000 24159.500000 0.025839
1770000 24472.000000 0.026025
1780000 24784.500000 0.026210
1790000 25097.000000 0.026392
1800000 25409.500000 0.026572
1810000 25722.000000 0.026750
1820000 26034.500000 0.026926
1830000 26347.000000 0.027101
1840000 26659.500000 0.027273
1850000 26972.000000 0.027444
1860000 27284.500000 0.027612
1870000 27597.000000 0.027779
1880000 27909.500000 0.027944
1890000 28222.000000 0.028108
1900000 28534.500000 0.028269
1910000 28847.000000 0.028429
1920000 29159.500000 0.028588
1930000 29472.000000 0.028744
1940000 29784.500000 0.028899
1950000 30097.000000 0.029053
1960000 30409.500000 0.029205
1970000 30722.000000 0.029355
1980000 31034.500000 0.029504
1990000 31347.000000 0.029651
2000000 31659.500000 0.029797
2010000 31972.000000 0.029942
2020000 32284.500000 0.030085
2030000 32597.000000 0.030226
2040000 32909.500000 0.030366
2050000 33222.000000 0.030505
2060000 33534.500000 0.030643
2070000 33847.000000 0.030779
2080000 34159.500000 0.030914
2090000 34472.000000 0.031047
2100000 34784.500000 0.031179
2110000 35097.000000 0.031310
2120000 35409.500000 0.031440
2130000 35722.000000 0.031569
2140000 36034.500000 0.031696
2150000 36347.000000 0.031822
2160000 36659.500000 0.031947
2170000 36972.000000 0.032071
2180000 37284.500000 0.032194
2190000 37597.000000 0.032315
2200000 37909.500000 0.032436
2210000 38222.000000 0.032555
2220000 38534.500000 0.032674
2230000 38847.000000 0.032791
2240000 39159.500000 0.032907
2250000 39472.000000 0.033022
2260000 39784.500000 0.033136
2270000 40097.000000 0.033250
2280000 40409.500000 0.033362
2290000 40722.000000 0.033473
2300000 41034.500000 0.033583
2310000 41347.000000 0.033692
2320000 41659.500000 0.033801
2330000 41972.000000 0.033908
2340000 42284.500000 0.034015
2350000 42597.000000 0.034120
2360000 42909.500000 0.034225
2370000 43222.000000 0.034329
2380000 43534.500000 0.034432
2390000 43847.000000 0.034534
2400000 44159.500000 0.034635
2410000 44472.000000 0.034735
2420000 44784.500000 0.034835
2430000 45097.000000 0.034934
2440000 45409.500000 0.035031
2450000 45722.000000 0.035129
2460000 46034.500000 0.035225
2470000 46347.000000 0.035320
2480000 46659.500000 0.035415
2490000 46972.000000 0.035509
2500000 47284.500000 0.035602
2510000 47597.000000 0.035695
2520000 47909.500000 0.035787
2530000 48222.000000 0.035878
2540000 48534.500000 0.035968
2550000 48847.000000 0.036058
2560000 49159.500000 0.036147
2570000 49472.000000 0.036235
2580000 49784.500000 0.036322
2590000 50097.000000 0.036409
2600000 50409.500000 0.036496
2610000 50722.000000 0.036581
2620000 51034.500000 0.036666
2630000 51347.000000 0.036750
2640000 51659.500000 0.036834
2650000 51972.000000 0.036917
2660000 52284.500000 0.036999
2670000 52597.000000 0.037081
2680000 52909.500000 0.037162
2690000 53222.000000 0.037243
2700000 53534.500000 0.037323
2710000 53847.000000 0.037402
2720000 54159.500000 0.037481
2730000 54472.000000 0.037559
2740000 54784.500000 0.037636
2750000 55097.000000 0.037713
2760000 55409.500000 0.037790
2770000 55722.000000 0.037866
2780000 56034.500000 0.037941
2790000 56347.000000 0.038016
2800000 56659.500000 0.038090
2810000 56972.000000 0.038164
2820000 57284.500000 0.038237
2830000 57597.000000 0.038310
2840000 57909.500000 0.038382
2850000 58222.000000 0.038454
2860000 58534.500000 0.038525
2870000 58847.000000 0.038596
2880000 59159.500000 0.038666
2890000 59472.000000 0.038736
2900000 59784.500000 0.038805
2910000 60097.000000 0.038874
2920000 60409.500000 0.038942
2930000 60722.000000 0.039010
2940000 61034.500000 0.039078
2950000 61347.000000 0.039145
2960000 61659.500000 0.039211
2970000 61972.000000 0.039277
2980000 62284.500000 0.039343
2990000 62597.000000 0.039408
3000000 62909.500000 0.039473
3010000 63222.000000 0.039537
3020000 63534.500000 0.039601
3030000 63847.000000 0.039664
3040000 64159.500000 0.039727
3050000 64472.000000 0.039790
3060000 64784.500000 0.039852
3070000 65097.000000 0.039914
3080000 65409.500000 0.039975
3090000 65722.000000 0.040036
3100000 66034.500000 0.040097
3110000 66347.000000 0.040157
3120000 66659.500000 0.040217
3130000 66972.000000 0.040276
3140000 67284.500000 0.040335
3150000 67597.000000 0.040394
3160000 67909.500000 0.040452
3170000 68222.000000 0.040510
3180000 68534.500000 0.040568
3190000 68847.000000 0.040625
3200000 69159.500000 0.040682
3210000 69472.000000 0.040739
3220000 69784.500000 0.040795
3230000 70097.000000 0.040851
3240000 70409.500000 0.040906
3250000 70722.000000 0.040961
3260000 71034.500000 0.041016
3270000 71347.000000 0.041070
3280000 71659.500000 0.041125
3290000 71972.000000 0.041178
3300000 72284.500000 0.041232
3310000 72597.000000 0.041285
3320000 72909.500000 0.041338
3330000 73222.000000 0.041390
3340000 73534.500000 0.041442
3350000 73847.000000 0.041494
3360000 74159.500000 0.041546
3370000 74472.000000 0.041597
3380000 74784.500000 0.041648
3390000 75097.000000 0.041699
3400000 75409.500000 0.041749
3410000 75722.000000 0.041799
3420000 76034.500000 0.041849
3430000 76347.000000 0.041899
3440000 76659.500000 0.041948
3450000 76972.000000 0.041997
3460000 77284.500000 0.042045
3470000 77597.000000 0.042094
3480000 77909.500000 0.042142
3490000 78222.000000 0.042190
3500000 78534.500000 0.042237
3510000 78847.000000 0.042284
3520000 79159.500000 0.042331
3530000 79472.000000 0.042378
3540000 79784.500000 0.042424
3550000 80097.000000 0.042471
3560000 80409.500000 0.042517
3570000 80722.000000 0.042562
3580000 81034.500000 0.042608
3590000 81347.000000 0.042653
3600000 81659.500000 0.042698
3610000 81972.000000 0.042742
3620000 82284.500000 0.042787
3630000 82597.000000 0.042831
3640000 82909.500000 0.042875
3650000 83222.000000 0.042919
3660000 83534.500000 0.042962
3670000 83847.000000 0.043005
3680000 84159.500000 0.043048
3690000 84472.000000 0.043091
3700000 84784.500000 0.043134
3710000 85097.000000 0.043176
3720000 85409.500000 0.043218
3730000 85722.000000 0.043260
3740000 86034.500000 0.043301
3750000 86347.000000 0.043343
3760000 86659.500000 0.043384
3770000 86972.000000 0.043425
3780000 87284.500000 0.043466
3790000 87597.000000 0.043506
3800000 87909.500000 0.043546
3810000 88222.000000 0.043587
3820000 88534.500000 0.043626
3830000 88847.000000 0.043666
3840000 89159.500000 0.043706
3850000 89472.000000 0.043745
3860000 89784.500000 0.043784
3870000 90097.000000 0.043823
3880000 90409.500000 0.043861
3890000 90722.000000 0.043900
3900000 91034.500000 0.043938
3910000 91347.000000 0.043976
3920000 91659.500000 0.044014
3930000 91972.000000 0.044052
3940000 92284.500000 0.044089
3950000 92597.000000 0.044127
3960000 92909.500000 0.044164
3970000 93222.000000 0.044201
3980000 93534.500000 0.044237
3990000 93847.000000 0.044274
4000000 94159.500000 0.044310
4010000 94472.000000 0.044347
4020000 94784.500000 0.044383
4030000 95097.000000 0.044418
4040000 95409.500000 0.044454
4050000 95722.000000 0.044490
4060000 96034.500000 0.044525
4070000 96347.000000 0.044560
4080000 96659.500000 0.044595
4090000 96972.000000 0.044630
4100000 97284.500000 0.044664
4110000 97597.000000 0.044699
4120000 97909.500000 0.044733
4130000 98222.000000 0.044767
4140000 98534.500000 0.044801
4150000 98847.000000 0.044835
4160000 99159.500000 0.044869
4170000 99472.000000 0.044902
4180000 99784.500000 0.044935
4190000 100097.000000 0.044968
4200000 100409.500000 0.045001
4210000 100722.000000 0.045034
4220000 101034.500000 0.045067
4230000 101347.000000 0.045099
4240000 101659.500000 0.045132
4250000 101972.000000 0.045164
4260000 102284.500000 0.045196
4270000 102597.000000 0.045228
4280000 102909.500000 0.045260
4290000 103222.000000 0.045291
4300000 103534.500000 0.045323
4310000 103847.000000 0.045354
4320000 104159.500000 0.045385
4330000 104472.000000 0.045416
4340000 104784.500000 0.045447
4350000 105097.000000 0.045478
4360000 105409.500000 0.045509
4370000 105722.000000 0.045539
4380000 106034.500000 0.045569
4390000 106347.000000 0.045600
4400000 106659.500000 0.045630
4410000 106972.000000 0.045660
4420000 107284.500000 0.045689
4430000 107597.000000 0.045719
4440000 107909.500000 0.045749
4450000 108222.000000 0.045778
4460000 108534.500000 0.045807
4470000 108847.000000 0.045836
4480000 109159.500000 0.045865
4490000 109472.000000 0.045894
4500000 109784.500000 0.045923
4510000 110097.000000 0.045952
4520000 110409.500000 0.045980
4530000 110722.000000 0.046008
4540000 111034.500000 0.046037
4550000 111347.000000 0.046065
4560000 111659.500000 0.046093
4570000 111972.000000 0.046121
4580000 112284.500000 0.046148
4590000 112597.000000 0.046176
4600000 112909.500000 0.046203
4610000 113222.000000 0.046231
4620000 113534.500000 0.046258
4630000 113847.000000 0.046285
4640000 114159.500000 0.046312
4650000 114472.000000 0.046339
4660000 114784.500000 0.046366
4670000 115097.000000 0.046393
4680000 115409.500000 0.046419
4690000 115722.000000 0.046446
4700000 116034.500000 0.046472
4710000 116347.000000 0.046498
4720000 116659.500000 0.046524
4730000 116972.000000 0.046550
4740000 117284.500000 0.046576
4750000 117597.000000 0.046602
4760000 117909.500000 0.046628
4770000 118222.000000 0.046653
4780000 118534.500000 0.046679
4790000 118847.000000 0.046704
4800000 119159.500000 0.046729
4810000 119472.000000 0.046754
4820000 119784.500000 0.046779
4830000 120097.000000 0.046804
4840000 120409.500000 0.046829
4850000 120722.000000 0.046854
4860000 121034.500000 0.046879
4870000 121347.000000 0.046903
4880000 121659.500000 0.046927
4890000 121972.000000 0.046952
4900000 122284.500000 0.046976
4910000 122597.000000 0.047000
4920000 122909.500000 0.047024
4930000 123222.000000 0.047048
4940000 123534.500000 0.047072
4950000 123847.000000 0.047096
4960000 124159.500000 0.047119
4970000 124472.000000 0.047143
4980000 124784.500000 0.047166
4990000 125097.000000 0.047190
5000000 125409.500000 0.047213
5010000 125722.000000 0.047236
5020000 126034.500000 0.047259
5030000 126347.000000 0.047282
5040000 126659.500000 0.047305
5050000 126972.000000 0.047328
5060000 127284.500000 0.047351
5070000 127597.000000 0.047373
5080000 127909.500000 0.047396
5090000 128222.000000 0.047418
5100000 128534.500000 0.047441
5110000 128847.000000 0.047463
5120000 129159.500000 0.047485
5130000 129472.000000 0.047507
5140000 129784.500000 0.047529
5150000 130097.000000 0.047551
5160000 130409.500000 0.047573
5170000 130722.000000 0.047595
5180000 131034.500000 0.047616
5190000 131347.000000 0.047638
5200000 131659.500000 0.047660
5210000 131972.000000 0.047681
5220000 132284.500000 0.047702
5230000 132597.000000 0.047724
5240000 132909.500000 0.047745
5250000 133222.000000 0.047766
5260000 133534.500000 0.047787
5270000 133847.000000 0.047808
5280000 134159.500000 0.047829
5290000 134472.000000 0.047849
5300000 134784.500000 0.047870
5310000 135097.000000 0.047891
5320000 135409.500000 0.047911
5330000 135722.000000 0.047932
5340000 136034.500000 0.047952
5350000 136347.000000 0.047973
5360000 136659.500000 0.047993
5370000 136972.000000 0.048013
5380000 137284.500000 0.048033
5390000 137597.000000 0.048053
5400000 137909.500000 0.048073
5410000 138222.000000 0.048093
5420000 138534.500000 0.048113
5430000 138847.000000 0.048132
5440000 139159.500000 0.048152
5450000 139472.000000 0.048172
5460000 139784.500000 0.048191
5470000 140097.000000 0.048211
5480000 140409.500000 0.048230
5490000 140722.000000 0.048249
5500000 141034.500000 0.048268
5510000 141347.000000 0.048288
5520000 141659.500000 0.048307
5530000 141972.000000 0.048326
5540000 142284.500000 0.048345
5550000 142597.000000 0.048364
5560000 142909.500000 0.048382
5570000 143222.000000 0.048401
5580000 143534.500000 0.048420
5590000 143847.000000 0.048438
5600000 144159.500000 0.048457
5610000 144472.000000 0.048475
5620000 144784.500000 0.048494
5630000 145097.000000 0.048512
5640000 145409.500000 0.048530
5650000 145722.000000 0.048549
5660000 146034.500000 0.048567
5670000 146347.000000 0.048585
5680000 146659.500000 0.048603
5690000 146972.000000 0.048621
5700000 147284.500000 0.048639
5710000 147597.000000 0.048657
5720000 147909.500000 0.048674
5730000 148222.000000 0.048692
5740000 148534.500000 0.048710
5750000 148847.000000 0.048727
5760000 149159.500000 0.048745
5770000 149472.000000 0.048762
5780000 149784.500000 0.048780
5790000 150097.000000 0.048797
5800000 150409.500000 0.048814
5810000 150722.000000 0.048832
5820000 151034.500000 0.048849
5830000 151347.000000 0.048866
5840000 151659.500000 0.048883
5850000 151972.000000 0.048900
5860000 152284.500000 0.048917
5870000 152597.000000 0.048934
5880000 152909.500000 0.048951
5890000 153222.000000 0.048967
5900000 153534.500000 0.048984
5910000 153847.000000 0.049001
5920000 154159.500000 0.049017
5930000 154472.000000 0.049034
5940000 154784.500000 0.049050
5950000 155097.000000 0.049067
5960000 155409.500000 0.049083
5970000 155722.000000 0.049099
5980000 156034.500000 0.049116
5990000 156347.000000 0.049132
6000000 156659.500000 0.049148
6010000 156972.000000 0.049164
6020000 157284.500000 0.049180
6030000 157597.000000 0.049196
6040000 157909.500000 0.049212
6050000 158222.000000 0.049228
6060000 158534.500000 0.049244
6070000 158847.000000 0.049260
6080000 159159.500000 0.049275
6090000 159472.000000 0.049291
6100000 159784.500000 0.049307
6110000 160097.000000 0.049322
6120000 160409.500000 0.049338
6130000 160722.000000 0.049353
6140000 161034.500000 0.049369
6150000 161347.000000 0.049384
6160000 161659.500000 0.049399
6170000 161972.000000 0.049415
6180000 162284.500000 0.049430
6190000 162597.000000 0.049445
6200000 162909.500000 0.049460
6210000 163222.000000 0.049475
6220000 163534.500000 0.049490
6230000 163847.000000 0.049505
6240000 164159.500000 0.049520
6250000 164472.000000 0.049535
6260000 164784.500000 0.049550
6270000 165097.000000 0.049565
6280000 165409.500000 0.049579
6290000 165722.000000 0.049594
6300000 166034.500000 0.049609
6310000 166347.000000 0.049623
6320000 166659.500000 0.049638
6330000 166972.000000 0.049652
6340000 167284.500000 0.049667
6350000 167597.000000 0.049681
6360000 167909.500000 0.049696
6370000 168222.000000 0.049710
6380000 168534.500000 0.049724
6390000 168847.000000 0.049739
6400000 169159.500000 0.049753
6410000 169472.000000 0.049767
6420000 169784.500000 0.049781
6430000 170097.000000 0.049795
6440000 170409.500000 0.049809
6450000 170722.000000 0.049823
6460000 171034.500000 0.049837
6470000 171347.000000 0.049851
6480000 171659.500000 0.049865
6490000 171972.000000 0.049879
6500000 172284.500000 0.049892
6510000 172597.000000 0.049906
6520000 172909.500000 0.049920
6530000 173222.000000 0.049933
6540000 173534.500000 0.049947
6550000 173847.000000 0.049961
6560000 174159.500000 0.049974
6570000 174472.000000 0.049987
6580000 174784.500000 0.050001
6590000 175097.000000 0.050014
6600000 175409.500000 0.050028
6610000 175722.000000 0.050041
6620000 176034.500000 0.050054
6630000 176347.000000 0.050067
6640000 176659.500000 0.050081
6650000 176972.000000 0.050094
6660000 177284.500000 0.050107
6670000 177597.000000 0.050120
6680000 177909.500000 0.050133
6690000 178222.000000 0.050146
6700000 178534.500000 0.050159
6710000 178847.000000 0.050172
6720000 179159.500000 0.050185
6730000 179472.000000 0.050198
6740000 179784.500000 0.050210
6750000 180097.000000 0.050223
6760000 180409.500000 0.050236
6770000 180722.000000 0.050249
6780000 181034.500000 0.050261
6790000 181347.000000 0.050274
6800000 181659.500000 0.050286
6810000 181972.000000 0.050299
6820000 182284.500000 0.050311
6830000 182597.000000 0.050324
6840000 182909.500000 0.050336
6850000 183222.000000 0.050349
6860000 183534.500000 0.050361
6870000 183847.000000 0.050373
6880000 184159.500000 0.050386
6890000 184472.000000 0.050398
6900000 184784.500000 0.050410
6910000 185097.000000 0.050422
6920000 185409.500000 0.050434
6930000 185722.000000 0.050447
6940000 186034.500000 0.050459
6950000 186347.000000 0.050471
6960000 186659.500000 0.050483
6970000 186972.000000 0.050495
6980000 187284.500000 0.050507
6990000 187597.000000 0.050518
7000000 187909.500000 0.050530
7010000 188222.000000 0.050542
7020000 188534.500000 0.050554
7030000 188847.000000 0.050566
7040000 189159.500000 0.050577
7050000 189472.000000 0.050589
7060000 189784.500000 0.050601
7070000 190097.000000 0.050612
7080000 190409.500000 0.050624
7090000 190722.000000 0.050636
7100000 191034.500000 0.050647
7110000 191347.000000 0.050659
7120000 191659.500000 0.050670
7130000 191972.000000 0.050681
7140000 192284.500000 0.050693
7150000 192597.000000 0.050704
7160000 192909.500000 0.050716
7170000 193222.000000 0.050727
7180000 193534.500000 0.050738
7190000 193847.000000 0.050749
7200000 194159.500000 0.050761
7210000 194472.000000 0.050772
7220000 194784.500000 0.050783
7230000 195097.000000 0.050794
7240000 195409.500000 0.050805
7250000 195722.000000 0.050816
7260000 196034.500000 0.050827
7270000 196347.000000 0.050838
7280000 196659.500000 0.050849
7290000 196972.000000 0.050860
7300000 197284.500000 0.050871
7310000 197597.000000 0.050882
7320000 197909.500000 0.050893
7330000 198222.000000 0.050904
7340000 198534.500000 0.050914
7350000 198847.000000 0.050925
7360000 199159.500000 0.050936
7370000 199472.000000 0.050947
7380000 199784.500000 0.050957
7390000 200097.000000 0.050968
7400000 200409.500000 0.050979
7410000 200722.000000 0.050989
7420000 201034.500000 0.051000
7430000 201347.000000 0.051010
7440000 201659.500000 0.051021
7450000 201972.000000 0.051031
7460000 202284.500000 0.051042
7470000 202597.000000 0.051052
7480000 202909.500000 0.051062
7490000 203222.000000 0.051073
7500000 203534.500000 0.051083
7510000 203847.000000 0.051093
7520000 204159.500000 0.051104
7530000 204472.000000 0.051114
7540000 204784.500000 0.051124
7550000 205097.000000 0.051134
7560000 205409.500000 0.051145
7570000 205722.000000 0.051155
7580000 206034.500000 0.051165
7590000 206347.000000 0.051175
7600000 206659.500000 0.051185
7610000 206972.000000 0.051195
7620000 207284.500000 0.051205
7630000 207597.000000 0.051215
7640000 207909.500000 0.051225
7650000 208222.000000 0.051235
7660000 208534.500000 0.051245
7670000 208847.000000 0.051255
7680000 209159.500000 0.051265
7690000 209472.000000 0.051274
7700000 209784.500000 0.051284
7710000 210097.000000 0.051294
7720000 210409.500000 0.051304
7730000 210722.000000 0.051313
7740000 211034.500000 0.051323
7750000 211347.000000 0.051333
7760000 211659.500000 0.051343
7770000 211972.000000 0.051352
7780000 212284.500000 0.051362
7790000 212597.000000 0.051371
7800000 212909.500000 0.051381
7810000 213222.000000 0.051390
7820000 213534.500000 0.051400
7830000 213847.000000 0.051409
7840000 214159.500000 0.051419
7850000 214472.000000 0.051428
7860000 214784.500000 0.051438
7870000 215097.000000 0.051447
7880000 215409.500000 0.051456
7890000 215722.000000 0.051466
7900000 216034.500000 0.051475
7910000 216347.000000 0.051484
7920000 216659.500000 0.051494
7930000 216972.000000 0.051503
7940000 217284.500000 0.051512
7950000 217597.000000 0.051521
7960000 217909.500000 0.051530
7970000 218222.000000 0.051540
7980000 218534.500000 0.051549
7990000 218847.000000 0.051558
8000000 219159.500000 0.051567
8010000 219472.000000 0.051576
8020000 219784.500000 0.051585
8030000 220097.000000 0.051594
8040000 220409.500000 0.051603
8050000 220722.000000 0.051612
8060000 221034.500000 0.051621
8070000 221347.000000 0.051630
8080000 221659.500000 0.051639
8090000 221972.000000 0.051648
8100000 222284.500000 0.051657
8110000 222597.000000 0.051665
8120000 222909.500000 0.051674
8130000 223222.000000 0.051683
8140000 223534.500000 0.051692
8150000 223847.000000 0.051700
8160000 224159.500000 0.051709
8170000 224472.000000 0.051718
8180000 224784.500000 0.051727
8190000 225097.000000 0.051735
8200000 225409.500000 0.051744
8210000 225722.000000 0.051753
8220000 226034.500000 0.051761
8230000 226347.000000 0.051770
8240000 226659.500000 0.051778
8250000 226972.000000 0.051787
8260000 227284.500000 0.051795
8270000 227597.000000 0.051804
8280000 227909.500000 0.051812
8290000 228222.000000 0.051821
8300000 228534.500000 0.051829
8310000 228847.000000 0.051838
8320000 229159.500000 0.051846
8330000 229472.000000 0.051854
8340000 229784.500000 0.051863
8350000 230097.000000 0.051871
8360000 230409.500000 0.051879
8370000 230722.000000 0.051888
8380000 231034.500000 0.051896
8390000 231347.000000 0.051904
8400000 231659.500000 0.051912
8410000 231972.000000 0.051921
8420000 232284.500000 0.051929
8430000 232597.000000 0.051937
8440000 232909.500000 0.051945
8450000 233222.000000 0.051953
8460000 233534.500000 0.051962
8470000 233847.000000 0.051970
8480000 234159.500000 0.051978
8490000 234472.000000 0.051986
8500000 234784.500000 0.051994
8510000 235097.000000 0.052002
8520000 235409.500000 0.052010
8530000 235722.000000 0.052018
8540000 236034.500000 0.052026
8550000 236347.000000 0.052034
8560000 236659.500000 0.052042
8570000 236972.000000 0.052050
8580000 237284.500000 0.052057
8590000 237597.000000 0.052065
8600000 237909.500000 0.052073
8610000 238222.000000 0.052081
8620000 238534.500000 0.052089
8630000 238847.000000 0.052097
8640000 239159.500000 0.052104
8650000 239472.000000 0.052112
8660000 239784.500000 0.052120
8670000 240097.000000 0.052128
8680000 240409.500000 0.052135
8690000 240722.000000 0.052143
8700000 241034.500000 0.052151
8710000 241347.000000 0.052158
8720000 241659.500000 0.052166
8730000 241972.000000 0.052174
8740000 242284.500000 0.052181
8750000 242597.000000 0.052189
8760000 242909.500000 0.052197
8770000 243222.000000 0.052204
8780000 243534.500000 0.052212
8790000 243847.000000 0.052219
8800000 244159.500000 0.052227
8810000 244472.000000 0.052234
8820000 244784.500000 0.052242
8830000 245097.000000 0.052249
8840000 245409.500000 0.052256
8850000 245722.000000 0.052264
8860000 246034.500000 0.052271
8870000 246347.000000 0.052279
8880000 246659.500000 0.052286
8890000 246972.000000 0.052293
8900000 247284.500000 0.052301
8910000 247597.000000 0.052308
8920000 247909.500000 0.052315
8930000 248222.000000 0.052323
8940000 248534.500000 0.052330
8950000 248847.000000 0.052337
8960000 249159.500000 0.052344
8970000 249472.000000 0.052352
8980000 249784.500000 0.052359
8990000 250097.000000 0.052366
9000000 250409.500000 0.052373
9010000 250722.000000 0.052380
9020000 251034.500000 0.052388
9030000 251347.000000 0.052395
9040000 251659.500000 0.052402
9050000 251972.000000 0.052409
9060000 252284.500000 0.052416
9070000 252597.000000 0.052423
9080000 252909.500000 0.052430
9090000 253222.000000 0.052437
9100000 253534.500000 0.052444
9110000 253847.000000 0.052451
9120000 254159.500000 0.052458
9130000 254472.000000 0.052465
9140000 254784.500000 0.052472
9150000 255097.000000 0.052479
9160000 255409.500000 0.052486
9170000 255722.000000 0.052493
9180000 256034.500000 0.052500
9190000 256347.000000 0.052507
9200000 256659.500000 0.052513
9210000 256972.000000 0.052520
9220000 257284.500000 0.052527
9230000 257597.000000 0.052534
9240000 257909.500000 0.052541
9250000 258222.000000 0.052548
9260000 258534.500000 0.052554
9270000 258847.000000 0.052561
9280000 259159.500000 0.052568
9290000 259472.000000 0.052575
9300000 259784.500000 0.052581
9310000 260097.000000 0.052588
9320000 260409.500000 0.052595
9330000 260722.000000 0.052601
9340000 261034.500000 0.052608
9350000 261347.000000 0.052615
9360000 261659.500000 0.052621
9370000 261972.000000 0.052628
9380000 262284.500000 0.052635
9390000 262597.000000 0.052641
9400000 262909.500000 0.052648
9410000 263222.000000 0.052654
9420000 263534.500000 0.052661
9430000 263847.000000 0.052667
9440000 264159.500000 0.052674
9450000 264472.000000 0.052680
9460000 264784.500000 0.052687
9470000 265097.000000 0.052693
9480000 265409.500000 0.052700
9490000 265722.000000 0.052706
9500000 266034.500000 0.052713
9510000 266347.000000 0.052719
9520000 266659.500000 0.052726
9530000 266972.000000 0.052732
9540000 267284.500000 0.052738
9550000 267597.000000 0.052745
9560000 267909.500000 0.052751
9570000 268222.000000 0.052757
9580000 268534.500000 0.052764
9590000 268847.000000 0.052770
9600000 269159.500000 0.052776
9610000 269472.000000 0.052783
9620000 269784.500000 0.052789
9630000 270097.000000 0.052795
9640000 270409.500000 0.052801
9650000 270722.000000 0.052808
9660000 271034.500000 0.052814
9670000 271347.000000 0.052820
9680000 271659.500000 0.052826
9690000 271972.000000 0.052833
9700000 272284.500000 0.052839
9710000 272597.000000 0.052845
9720000 272909.500000 0.052851
9730000 273222.000000 0.052857
9740000 273534.500000 0.052863
9750000 273847.000000 0.052869
9760000 274159.500000 0.052876
9770000 274472.000000 0.052882
9780000 274784.500000 0.052888
9790000 275097.000000 0.052894
9800000 275409.500000 0.052900
9810000 275722.000000 0.052906
9820000 276034.500000 0.052912
9830000 276347.000000 0.052918
9840000 276659.500000 0.052924
9850000 276972.000000 0.052930
9860000 277284.500000 0.052936
9870000 277597.000000 0.052942
9880000 277909.500000 0.052948
9890000 278222.000000 0.052954
9900000 278534.500000 0.052960
9910000 278847.000000 0.052966
9920000 279159.500000 0.052971
9930000 279472.000000 0.052977
9940000 279784.500000 0.052983
9950000 280097.000000 0.052989
9960000 280409.500000 0.052995
9970000 280722.000000 0.053001
9980000 281034.500000 0.053007
9990000 281347.000000 0.053012
