100000 0.002786
200000 0.006179
300000 0.006761
400000 0.003201
500000 0.003707
600000 0.004596
700000 0.005617
800000 0.006219
900000 0.006419
1000000 0.007649
1100000 0.008088
1200000 0.008922
1300000 0.009821
1400000 0.010255
1500000 0.010999
1600000 0.012221
1700000 0.012620
1800000 0.013516
1900000 0.013931
2000000 0.014646
2100000 0.015479
2200000 0.015803
2300000 0.016796
2400000 0.018038
2500000 0.018600
2600000 0.018997
2700000 0.020816
2800000 0.020853
2900000 0.021812
3000000 0.021962
3100000 0.022953
3200000 0.024070
3300000 0.024573
3400000 0.024855
3500000 0.025864
3600000 0.026597
3700000 0.027478
3800000 0.027978
3900000 0.028644
4000000 0.029385
4100000 0.030075
4200000 0.030920
4300000 0.031177
4400000 0.031386
4500000 0.032767
4600000 0.033397
4700000 0.033743
4800000 0.034960
4900000 0.035651
5000000 0.036622
5100000 0.037476
5200000 0.037908
5300000 0.039350
5400000 0.040271
5500000 0.040427
5600000 0.041042
5700000 0.041777
5800000 0.042227
5900000 0.043279
6000000 0.043673
6100000 0.045368
6200000 0.045688
6300000 0.046459
6400000 0.047635
6500000 0.047831
6600000 0.048558
6700000 0.048465
6800000 0.049683
6900000 0.050333
7000000 0.051930
7100000 0.050897
7200000 0.052212
7300000 0.052756
7400000 0.054221
7500000 0.055161
7600000 0.055565
7700000 0.054871
7800000 0.056849
7900000 0.057281
8000000 0.059537
8100000 0.058717
8200000 0.059192
8300000 0.059586
8400000 0.059821
8500000 0.061118
8600000 0.061015
8700000 0.061935
8800000 0.062954
8900000 0.063885
9000000 0.066686
9100000 0.066186
9200000 0.066482
9300000 0.069763
9400000 0.067462
9500000 0.069299
9600000 0.070572
9700000 0.071332
9800000 0.071008
9900000 0.072528
10000000 0.072702
10100000 0.074163
10200000 0.075414
10300000 0.075760
10400000 0.077303
10500000 0.081314
10600000 0.081953
10700000 0.081986
10800000 0.082287
10900000 0.081053
11000000 0.081111
11100000 0.081942
11200000 0.085650
11300000 0.085993
11400000 0.087075
11500000 0.086545
11600000 0.087326
11700000 0.090682
11800000 0.088393
11900000 0.088464
12000000 0.088960
12100000 0.091912
12200000 0.092440
12300000 0.091348
12400000 0.092695
12500000 0.093476
12600000 0.095462
12700000 0.097030
12800000 0.099810
12900000 0.104337
13000000 0.097766
13100000 0.107142
13200000 0.110729
13300000 0.104877
13400000 0.099258
13500000 0.101590
13600000 0.102127
13700000 0.104082
13800000 0.105036
13900000 0.107149
14000000 0.106526
14100000 0.104450
14200000 0.105245
14300000 0.109240
14400000 0.107159
14500000 0.105808
14600000 0.105881
14700000 0.105980
14800000 0.106256
14900000 0.107713
15000000 0.111222
15100000 0.113006
15200000 0.113720
15300000 0.114979
15400000 0.117698
15500000 0.114942
15600000 0.114722
15700000 0.114635
15800000 0.115823
15900000 0.120791
16000000 0.119284
16100000 0.120069
16200000 0.120573
16300000 0.124343
16400000 0.121444
16500000 0.119954
16600000 0.122765
16700000 0.122700
16800000 0.123268
16900000 0.125388
17000000 0.124970
17100000 0.126826
17200000 0.127652
17300000 0.130369
17400000 0.128998
17500000 0.128152
17600000 0.129792
17700000 0.129656
17800000 0.136092
17900000 0.139480
18000000 0.149371
18100000 0.137215
18200000 0.138751
18300000 0.149096
18400000 0.148122
18500000 0.145716
18600000 0.143871
18700000 0.144310
18800000 0.141013
18900000 0.145204
19000000 0.144794
19100000 0.147514
19200000 0.143813
19300000 0.144223
19400000 0.142653
19500000 0.144872
19600000 0.146271
19700000 0.147364
19800000 0.148115
19900000 0.147661
20000000 0.147509
20100000 0.148769
20200000 0.151427
20300000 0.151427
20400000 0.150397
20500000 0.150296
20600000 0.152875
20700000 0.153197
20800000 0.153609
20900000 0.154762
21000000 0.155486
21100000 0.156707
21200000 0.157706
21300000 0.161162
21400000 0.160696
21500000 0.163966
21600000 0.164846
21700000 0.167849
21800000 0.172263
21900000 0.166256
22000000 0.184539
22100000 0.168094
22200000 0.165946
22300000 0.167189
22400000 0.166588
22500000 0.168527
22600000 0.165763
22700000 0.167988
22800000 0.167792
22900000 0.169433
23000000 0.178693
23100000 0.173572
23200000 0.172343
23300000 0.176090
23400000 0.178308
23500000 0.176119
23600000 0.176012
23700000 0.177622
23800000 0.176460
23900000 0.178988
24000000 0.177114
24100000 0.178732
24200000 0.180860
24300000 0.182291
24400000 0.183627
24500000 0.185495
24600000 0.181319
24700000 0.183620
24800000 0.185849
24900000 0.186998
25000000 0.194182
25100000 0.186816
25200000 0.189002
25300000 0.189655
25400000 0.191618
25500000 0.196696
25600000 0.198235
25700000 0.204961
25800000 0.198947
25900000 0.194533
26000000 0.194262
26100000 0.196854
26200000 0.194627
26300000 0.195930
26400000 0.196209
26500000 0.200968
26600000 0.201560
26700000 0.201203
26800000 0.200039
26900000 0.199874
27000000 0.198392
27100000 0.200887
27200000 0.201032
27300000 0.204842
27400000 0.203740
27500000 0.207771
27600000 0.208005
27700000 0.208949
27800000 0.211172
27900000 0.206790
28000000 0.208084
28100000 0.207007
28200000 0.207653
28300000 0.204713
28400000 0.204883
28500000 0.209756
28600000 0.214083
28700000 0.208359
28800000 0.210353
28900000 0.209908
29000000 0.212659
29100000 0.214002
29200000 0.217452
29300000 0.213040
29400000 0.213497
29500000 0.217489
29600000 0.217688
29700000 0.221417
29800000 0.221807
29900000 0.222223
30000000 0.222929
30100000 0.226508
30200000 0.231755
30300000 0.252580
30400000 0.250740
30500000 0.241387
30600000 0.233522
30700000 0.237993
30800000 0.237864
30900000 0.244612
31000000 0.237290
31100000 0.229533
31200000 0.229082
31300000 0.235442
31400000 0.231170
31500000 0.229528
31600000 0.231622
31700000 0.232635
31800000 0.233522
31900000 0.238830
32000000 0.238301
32100000 0.243316
32200000 0.239090
32300000 0.243592
32400000 0.239818
32500000 0.236665
32600000 0.236693
32700000 0.242217
32800000 0.241614
32900000 0.239163
33000000 0.238363
33100000 0.241149
33200000 0.238101
33300000 0.239620
33400000 0.241715
33500000 0.240417
33600000 0.241306
33700000 0.251142
33800000 0.249370
33900000 0.248080
34000000 0.251396
34100000 0.252555
34200000 0.250845
34300000 0.254270
34400000 0.250655
34500000 0.249802
34600000 0.250458
34700000 0.252890
34800000 0.251832
34900000 0.253214
35000000 0.256113
35100000 0.260721
35200000 0.259435
35300000 0.268904
35400000 0.261088
35500000 0.259550
35600000 0.264367
35700000 0.267931
35800000 0.260488
35900000 0.271924
36000000 0.268983
36100000 0.270621
36200000 0.275310
36300000 0.282669
36400000 0.270022
36500000 0.295453
36600000 0.289342
36700000 0.281901
36800000 0.276269
36900000 0.273102
37000000 0.272490
37100000 0.275719
37200000 0.272524
37300000 0.275938
37400000 0.277573
37500000 0.276877
37600000 0.278776
37700000 0.281126
37800000 0.289103
37900000 0.280914
38000000 0.291455
38100000 0.309147
38200000 0.291882
38300000 0.289663
38400000 0.286060
38500000 0.286110
38600000 0.291209
38700000 0.292888
38800000 0.325960
38900000 0.293680
39000000 0.314864
39100000 0.300477
39200000 0.307931
39300000 0.308244
39400000 0.295050
39500000 0.293255
39600000 0.294550
39700000 0.297779
39800000 0.291377
39900000 0.293526
40000000 0.293069
40100000 0.295189
40200000 0.301274
40300000 0.307162
40400000 0.303240
40500000 0.302110
40600000 0.300140
40700000 0.308427
40800000 0.305027
40900000 0.300846
41000000 0.304377
41100000 0.310300
41200000 0.311181
41300000 0.313528
41400000 0.308145
41500000 0.307870
41600000 0.311953
41700000 0.304525
41800000 0.312393
41900000 0.312690
42000000 0.313114
42100000 0.303510
42200000 0.311042
42300000 0.323736
42400000 0.330793
42500000 0.332762
42600000 0.333682
42700000 0.337359
42800000 0.337535
42900000 0.345308
43000000 0.343710
43100000 0.343922
43200000 0.341198
43300000 0.340776
43400000 0.345156
43500000 0.337198
43600000 0.324730
43700000 0.325430
43800000 0.323958
43900000 0.314318
44000000 0.314373
44100000 0.314714
44200000 0.316376
44300000 0.318748
44400000 0.323377
44500000 0.322937
44600000 0.342119
44700000 0.346985
44800000 0.351515
44900000 0.349994
45000000 0.349954
45100000 0.350570
45200000 0.349708
45300000 0.350848
45400000 0.353663
45500000 0.354002
45600000 0.353953
45700000 0.354416
45800000 0.357987
45900000 0.340061
46000000 0.336398
46100000 0.333144
46200000 0.346087
46300000 0.352315
46400000 0.352347
46500000 0.354065
46600000 0.349197
46700000 0.356388
46800000 0.344510
46900000 0.344913
47000000 0.354104
47100000 0.364060
47200000 0.364715
47300000 0.368628
47400000 0.377490
47500000 0.377320
47600000 0.377748
47700000 0.369341
47800000 0.371001
47900000 0.375844
48000000 0.373460
48100000 0.352914
48200000 0.350867
48300000 0.378248
48400000 0.350036
48500000 0.352652
48600000 0.354709
48700000 0.353312
48800000 0.353547
48900000 0.357562
49000000 0.353525
49100000 0.352679
49200000 0.366294
49300000 0.383299
49400000 0.384753
49500000 0.385106
49600000 0.387093
49700000 0.386702
49800000 0.384947
49900000 0.386470
50000000 0.387326
50100000 0.388674
50200000 0.387458
50300000 0.360476
50400000 0.365338
50500000 0.368065
50600000 0.368911
50700000 0.368318
50800000 0.368653
50900000 0.381638
51000000 0.373046
51100000 0.372286
51200000 0.374819
51300000 0.388173
51400000 0.409960
51500000 0.407602
51600000 0.407980
51700000 0.406281
51800000 0.405666
51900000 0.405268
52000000 0.405102
52100000 0.404683
52200000 0.406112
52300000 0.390850
52400000 0.371781
52500000 0.377403
52600000 0.377778
52700000 0.377659
52800000 0.379403
52900000 0.383398
53000000 0.382038
53100000 0.385772
53200000 0.391404
53300000 0.381547
53400000 0.409264
53500000 0.412617
53600000 0.413153
53700000 0.414508
53800000 0.415434
53900000 0.414812
54000000 0.414308
54100000 0.416047
54200000 0.416460
54300000 0.409167
54400000 0.401027
54500000 0.396079
54600000 0.393575
54700000 0.392007
54800000 0.390302
54900000 0.391507
55000000 0.401130
55100000 0.394553
55200000 0.397749
55300000 0.400771
55400000 0.432688
55500000 0.434978
55600000 0.436507
55700000 0.435875
55800000 0.435539
55900000 0.435029
56000000 0.434519
56100000 0.434417
56200000 0.433923
56300000 0.404403
56400000 0.400787
56500000 0.404042
56600000 0.399665
56700000 0.403186
56800000 0.409605
56900000 0.407706
57000000 0.411159
57100000 0.428654
57200000 0.418195
57300000 0.441894
57400000 0.441284
57500000 0.440791
57600000 0.440506
57700000 0.455390
57800000 0.442878
57900000 0.444409
58000000 0.445529
58100000 0.442234
58200000 0.415470
58300000 0.411311
58400000 0.411937
58500000 0.423148
58600000 0.412253
58700000 0.412314
58800000 0.426439
58900000 0.426639
59000000 0.418618
59100000 0.438566
59200000 0.455505
59300000 0.457186
59400000 0.459048
59500000 0.460981
59600000 0.463348
59700000 0.473779
59800000 0.466794
59900000 0.463864
60000000 0.445329
60100000 0.443778
60200000 0.445765
60300000 0.446330
60400000 0.445296
60500000 0.434466
60600000 0.443420
60700000 0.433317
60800000 0.444291
60900000 0.448392
61000000 0.439852
61100000 0.438677
61200000 0.449481
61300000 0.454882
61400000 0.447498
61500000 0.471796
61600000 0.457923
61700000 0.444204
61800000 0.436649
61900000 0.436975
62000000 0.438331
62100000 0.437408
62200000 0.444745
62300000 0.441589
62400000 0.453903
62500000 0.444262
62600000 0.444343
62700000 0.442869
62800000 0.442919
62900000 0.454003
63000000 0.453390
63100000 0.447630
63200000 0.454380
63300000 0.453668
63400000 0.449421
63500000 0.480773
63600000 0.460911
63700000 0.475626
63800000 0.475369
63900000 0.465992
64000000 0.460177
64100000 0.462881
64200000 0.464852
64300000 0.469238
64400000 0.474466
64500000 0.468429
64600000 0.461340
64700000 0.456552
64800000 0.457181
64900000 0.454112
65000000 0.454203
65100000 0.453682
65200000 0.455996
65300000 0.456952
65400000 0.460740
65500000 0.461079
65600000 0.459540
65700000 0.474263
65800000 0.482766
65900000 0.480421
66000000 0.470628
66100000 0.479544
66200000 0.467865
66300000 0.481858
66400000 0.473739
66500000 0.483284
66600000 0.481371
66700000 0.486928
66800000 0.481591
66900000 0.486138
67000000 0.478229
67100000 0.472487
67200000 0.470058
67300000 0.473615
67400000 0.480230
67500000 0.476800
67600000 0.476056
67700000 0.474960
67800000 0.477716
67900000 0.480906
68000000 0.484772
68100000 0.497096
68200000 0.503218
68300000 0.489587
68400000 0.490541
68500000 0.497822
68600000 0.515781
68700000 0.487141
68800000 0.498535
68900000 0.488495
69000000 0.507229
69100000 0.489089
69200000 0.492386
69300000 0.500110
69400000 0.510025
69500000 0.495380
69600000 0.502707
69700000 0.505138
69800000 0.505617
69900000 0.495305
70000000 0.493027
70100000 0.490068
70200000 0.493478
70300000 0.490517
70400000 0.527665
70500000 0.518713
70600000 0.519083
70700000 0.518772
70800000 0.518569
70900000 0.503830
71000000 0.523490
71100000 0.504820
71200000 0.507861
71300000 0.500513
71400000 0.512628
71500000 0.533856
71600000 0.531395
71700000 0.539791
71800000 0.554957
71900000 0.556811
72000000 0.567280
72100000 0.564555
72200000 0.570573
72300000 0.580549
72400000 0.582096
72500000 0.681169
72600000 0.729525
72700000 0.742069
72800000 0.724924
72900000 0.724001
73000000 0.729984
73100000 0.724870
73200000 0.722765
73300000 0.722533
73400000 0.722352
73500000 0.724547
73600000 0.651842
73700000 0.521362
73800000 0.542163
73900000 0.552308
74000000 0.543681
74100000 0.550075
74200000 0.537606
74300000 0.535666
74400000 0.535910
74500000 0.531791
74600000 0.544072
74700000 0.539396
74800000 0.538331
74900000 0.539243
75000000 0.530386
75100000 0.536456
75200000 0.538598
75300000 0.537345
75400000 0.539610
75500000 0.536332
75600000 0.535439
75700000 0.535656
75800000 0.540680
75900000 0.539924
76000000 0.540388
76100000 0.543442
76200000 0.545480
76300000 0.548061
76400000 0.556507
76500000 0.581095
76600000 0.577769
76700000 0.577970
76800000 0.569104
76900000 0.557680
77000000 0.553835
77100000 0.549384
77200000 0.572038
77300000 0.597386
77400000 0.596522
77500000 0.596017
77600000 0.597129
77700000 0.595863
77800000 0.604192
77900000 0.584758
78000000 0.565367
78100000 0.579580
78200000 0.589898
78300000 0.578738
78400000 0.572709
78500000 0.586424
78600000 0.579878
78700000 0.569549
78800000 0.569363
78900000 0.566593
79000000 0.583203
79100000 0.569702
79200000 0.574292
79300000 0.590387
79400000 0.576829
79500000 0.580904
79600000 0.571958
79700000 0.571371
79800000 0.583751
79900000 0.590486
80000000 0.610080
80100000 0.623828
80200000 0.655875
80300000 0.622950
80400000 0.622844
80500000 0.645757
80600000 0.618556
80700000 0.603900
80800000 0.597609
80900000 0.593419
81000000 0.609474
81100000 0.592080
81200000 0.606613
81300000 0.598224
81400000 0.605536
81500000 0.590735
81600000 0.580817
81700000 0.581778
81800000 0.585854
81900000 0.586782
82000000 0.613735
82100000 0.611651
82200000 0.613055
82300000 0.597601
82400000 0.625899
82500000 0.658352
82600000 0.607523
82700000 0.607849
82800000 0.605619
82900000 0.608274
83000000 0.643003
83100000 0.640090
83200000 0.613536
83300000 0.606343
83400000 0.621554
83500000 0.639799
83600000 0.619819
83700000 0.624869
83800000 0.647378
83900000 0.633094
84000000 0.616311
84100000 0.641156
84200000 0.627853
84300000 0.639323
84400000 0.641852
84500000 0.636023
84600000 0.658154
84700000 0.660582
84800000 0.660963
84900000 0.663633
85000000 0.664603
85100000 0.693287
85200000 0.862236
85300000 0.864286
85400000 0.868734
85500000 0.869865
85600000 0.871157
85700000 0.745638
85800000 0.680506
85900000 0.684032
86000000 0.686791
86100000 0.689735
86200000 0.764327
86300000 0.760008
86400000 0.755149
86500000 0.761586
86600000 0.763593
86700000 0.709787
86800000 0.681167
86900000 0.681946
87000000 0.680071
87100000 0.680423
87200000 0.679355
87300000 0.736687
87400000 0.766086
87500000 0.760650
87600000 0.756835
87700000 0.754251
87800000 0.723117
87900000 0.679898
88000000 0.679172
88100000 0.678975
88200000 0.680564
88300000 0.686580
88400000 0.730329
88500000 0.765932
88600000 0.763775
88700000 0.769421
88800000 0.773441
88900000 0.739213
89000000 0.702258
89100000 0.695576
89200000 0.697721
89300000 0.698378
89400000 0.698489
89500000 0.751919
89600000 0.792431
89700000 0.787234
89800000 0.793092
89900000 0.814856
90000000 0.987533
90100000 1.072446
90200000 1.058785
90300000 1.054886
90400000 0.839559
90500000 0.808114
90600000 0.796091
90700000 0.809436
90800000 0.809059
90900000 0.719359
91000000 0.713369
91100000 0.718591
91200000 0.716023
91300000 0.722288
91400000 0.703187
91500000 0.694973
91600000 0.678398
91700000 0.673254
91800000 0.672353
91900000 0.659463
92000000 0.655416
92100000 0.699977
92200000 0.717451
92300000 0.681070
92400000 0.674972
92500000 0.668399
92600000 0.697709
92700000 0.688732
92800000 0.682455
92900000 0.671288
93000000 0.671840
93100000 0.683749
93200000 0.689360
93300000 0.679439
93400000 0.680105
93500000 0.677667
93600000 0.681091
93700000 0.689144
93800000 0.690168
93900000 0.689560
94000000 0.690807
94100000 0.689166
94200000 0.689326
94300000 0.690205
94400000 0.693455
94500000 0.695130
94600000 0.695141
94700000 0.697177
94800000 0.699354
94900000 0.700155
95000000 0.701044
95100000 0.700015
95200000 0.702016
95300000 0.703508
95400000 0.699503
95500000 0.700968
95600000 0.706714
95700000 0.702814
95800000 0.711284
95900000 0.734879
96000000 0.713248
96100000 0.715546
96200000 0.720145
96300000 0.717730
96400000 0.733283
96500000 0.716550
96600000 0.715778
96700000 0.712709
96800000 0.703564
96900000 0.757073
97000000 0.752625
97100000 0.762359
97200000 0.778568
97300000 0.749227
97400000 0.723723
97500000 0.724323
97600000 0.720813
97700000 0.724703
97800000 0.736462
97900000 0.743653
98000000 0.725378
98100000 0.742577
98200000 0.752829
98300000 0.736665
98400000 0.735623
98500000 0.732198
98600000 0.728331
98700000 0.725511
98800000 0.728907
98900000 0.730503
99000000 0.743187
99100000 0.745617
99200000 0.753935
99300000 0.751728
99400000 0.735391
99500000 0.745672
99600000 0.740016
99700000 0.747627
99800000 0.739350
99900000 0.729989
100000000 0.750275
