0 0.000000 0.000000
10000 0.000000 0.000000
20000 0.000000 0.000000
30000 0.000000 0.000000
40000 0.000000 0.000000
50000 0.000000 0.000000
60000 0.000000 0.000000
70000 0.000000 0.000000
80000 0.000000 0.000000
90000 0.000000 0.000000
100000 0.000000 0.000000
110000 0.000000 0.000000
120000 0.000000 0.000000
130000 0.000000 0.000000
140000 0.000000 0.000000
150000 0.000000 0.000000
160000 0.000000 0.000000
170000 0.000000 0.000000
180000 0.000000 0.000000
190000 0.000000 0.000000
200000 0.000000 0.000000
210000 0.000000 0.000000
220000 0.000000 0.000000
230000 0.000000 0.000000
240000 0.000000 0.000000
250000 0.000000 0.000000
260000 14.750000 0.000112
270000 92.875000 0.000677
280000 171.000000 0.001203
290000 249.125000 0.001692
300000 327.250000 0.002148
310000 405.375000 0.002575
320000 483.500000 0.002975
330000 561.625000 0.003351
340000 639.750000 0.003705
350000 717.875000 0.004039
360000 796.000000 0.004354
370000 874.125000 0.004652
380000 952.250000 0.004935
390000 1030.375000 0.005203
400000 1108.500000 0.005457
410000 1186.625000 0.005699
420000 1264.750000 0.005930
430000 1342.875000 0.006150
440000 1421.000000 0.006360
450000 1499.125000 0.006560
460000 1577.250000 0.006752
470000 1655.375000 0.006936
480000 1733.500000 0.007112
490000 1811.625000 0.007281
500000 1889.750000 0.007443
510000 1967.875000 0.007598
520000 2046.000000 0.007748
530000 2124.125000 0.007892
540000 2202.250000 0.008031
550000 2280.375000 0.008165
560000 2358.500000 0.008294
570000 2436.625000 0.008418
580000 2514.750000 0.008538
590000 2592.875000 0.008654
600000 2671.000000 0.008766
610000 2749.125000 0.008875
620000 2827.250000 0.008980
630000 2905.375000 0.009081
640000 2983.500000 0.009180
650000 3061.625000 0.009275
660000 3139.750000 0.009368
670000 3217.875000 0.009458
680000 3296.000000 0.009545
690000 3374.125000 0.009630
700000 3452.250000 0.009712
710000 3530.375000 0.009792
720000 3608.500000 0.009869
730000 3686.625000 0.009945
740000 3764.750000 0.010018
750000 3842.875000 0.010090
760000 3921.000000 0.010160
770000 3999.125000 0.010228
780000 4077.250000 0.010294
790000 4155.375000 0.010358
800000 4233.500000 0.010421
810000 4311.625000 0.010482
820000 4389.750000 0.010542
830000 4467.875000 0.010600
840000 4546.000000 0.010657
850000 4624.125000 0.010713
860000 4702.250000 0.010767
870000 4780.375000 0.010820
880000 4858.500000 0.010872
890000 4936.625000 0.010923
900000 5014.750000 0.010972
910000 5092.875000 0.011021
920000 5171.000000 0.011068
930000 5249.125000 0.011115
940000 5327.250000 0.011160
950000 5405.375000 0.011205
960000 5483.500000 0.011248
970000 5561.625000 0.011291
980000 5639.750000 0.011333
990000 5717.875000 0.011374
1000000 5796.000000 0.011414
1010000 5874.125000 0.011453
1020000 5952.250000 0.011492
1030000 6030.375000 0.011529
1040000 6108.500000 0.011566
1050000 6186.625000 0.011603
1060000 6264.750000 0.011638
1070000 6342.875000 0.011673
1080000 6421.000000 0.011708
1090000 6499.125000 0.011742
1100000 6577.250000 0.011775
1110000 6655.375000 0.011807
1120000 6733.500000 0.011839
1130000 6811.625000 0.011870
1140000 6889.750000 0.011901
1150000 6967.875000 0.011932
1160000 7046.000000 0.011961
1170000 7124.125000 0.011991
1180000 7202.250000 0.012019
1190000 7280.375000 0.012048
1200000 7358.500000 0.012075
1210000 7436.625000 0.012103
1220000 7514.750000 0.012130
1230000 7592.875000 0.012156
1240000 7671.000000 0.012182
1250000 7749.125000 0.012208
1260000 7827.250000 0.012233
1270000 7905.375000 0.012258
1280000 7983.500000 0.012282
1290000 8061.625000 0.012306
1300000 8139.750000 0.012330
1310000 8217.875000 0.012353
1320000 8296.000000 0.012376
1330000 8374.125000 0.012399
1340000 8452.250000 0.012421
1350000 8530.375000 0.012443
1360000 8608.500000 0.012465
1370000 8686.625000 0.012486
1380000 8764.750000 0.012507
1390000 8842.875000 0.012528
1400000 8921.000000 0.012548
1410000 8999.125000 0.012568
1420000 9077.250000 0.012588
1430000 9155.375000 0.012608
1440000 9233.500000 0.012627
1450000 9311.625000 0.012646
1460000 9389.750000 0.012665
1470000 9467.875000 0.012683
1480000 9546.000000 0.012702
1490000 9624.125000 0.012720
1500000 9702.250000 0.012737
1510000 9780.375000 0.012755
1520000 9858.500000 0.012772
1530000 9936.625000 0.012789
1540000 10014.750000 0.012806
1550000 10092.875000 0.012823
1560000 10171.000000 0.012839
1570000 10249.125000 0.012855
1580000 10327.250000 0.012871
1590000 10405.375000 0.012887
1600000 10483.500000 0.012903
1610000 10561.625000 0.012918
1620000 10639.750000 0.012933
1630000 10717.875000 0.012948
1640000 10796.000000 0.012963
1650000 10874.125000 0.012978
1660000 10952.250000 0.012992
1670000 11030.375000 0.013007
1680000 11108.500000 0.013021
1690000 11186.625000 0.013035
1700000 11264.750000 0.013049
1710000 11342.875000 0.013062
1720000 11421.000000 0.013076
1730000 11499.125000 0.013089
1740000 11577.250000 0.013102
1750000 11655.375000 0.013115
1760000 11733.500000 0.013128
1770000 11811.625000 0.013141
1780000 11889.750000 0.013154
1790000 11967.875000 0.013166
1800000 12046.000000 0.013179
1810000 12124.125000 0.013191
1820000 12202.250000 0.013203
1830000 12280.375000 0.013215
1840000 12358.500000 0.013226
1850000 12436.625000 0.013238
1860000 12514.750000 0.013250
1870000 12592.875000 0.013261
1880000 12671.000000 0.013272
1890000 12749.125000 0.013284
1900000 12827.250000 0.013295
1910000 12905.375000 0.013306
1920000 12983.500000 0.013316
1930000 13061.625000 0.013327
1940000 13139.750000 0.013338
1950000 13217.875000 0.013348
1960000 13296.000000 0.013359
1970000 13374.125000 0.013369
1980000 13452.250000 0.013379
1990000 13530.375000 0.013389
2000000 13608.500000 0.013399
2010000 13686.625000 0.013409
2020000 13764.750000 0.013419
2030000 13842.875000 0.013428
2040000 13921.000000 0.013438
2050000 13999.125000 0.013448
2060000 14077.250000 0.013457
2070000 14155.375000 0.013466
2080000 14233.500000 0.013475
2090000 14311.625000 0.013485
2100000 14389.750000 0.013494
2110000 14467.875000 0.013503
2120000 14546.000000 0.013512
2130000 14624.125000 0.013520
2140000 14702.250000 0.013529
2150000 14780.375000 0.013538
2160000 14858.500000 0.013546
2170000 14936.625000 0.013555
2180000 15014.750000 0.013563
2190000 15092.875000 0.013571
2200000 15171.000000 0.013580
2210000 15249.125000 0.013588
2220000 15327.250000 0.013596
2230000 15405.375000 0.013604
2240000 15483.500000 0.013612
2250000 15561.625000 0.013620
2260000 15639.750000 0.013628
2270000 15717.875000 0.013635
2280000 15796.000000 0.013643
2290000 15874.125000 0.013651
2300000 15952.250000 0.013658
2310000 16030.375000 0.013666
2320000 16108.500000 0.013673
2330000 16186.625000 0.013680
2340000 16264.750000 0.013688
2350000 16342.875000 0.013695
2360000 16421.000000 0.013702
2370000 16499.125000 0.013709
2380000 16577.250000 0.013716
2390000 16655.375000 0.013723
2400000 16733.500000 0.013730
2410000 16811.625000 0.013737
2420000 16889.750000 0.013744
2430000 16967.875000 0.013750
2440000 17046.000000 0.013757
2450000 17124.125000 0.013764
2460000 17202.250000 0.013770
2470000 17280.375000 0.013777
2480000 17358.500000 0.013783
2490000 17436.625000 0.013790
2500000 17514.750000 0.013796
2510000 17592.875000 0.013803
2520000 17671.000000 0.013809
2530000 17749.125000 0.013815
2540000 17827.250000 0.013821
2550000 17905.375000 0.013827
2560000 17983.500000 0.013833
2570000 18061.625000 0.013839
2580000 18139.750000 0.013845
2590000 18217.875000 0.013851
2600000 18296.000000 0.013857
2610000 18374.125000 0.013863
2620000 18452.250000 0.013869
2630000 18530.375000 0.013875
2640000 18608.500000 0.013880
2650000 18686.625000 0.013886
2660000 18764.750000 0.013892
2670000 18842.875000 0.013897
2680000 18921.000000 0.013903
2690000 18999.125000 0.013908
2700000 19077.250000 0.013914
2710000 19155.375000 0.013919
2720000 19233.500000 0.013925
2730000 19311.625000 0.013930
2740000 19389.750000 0.013935
2750000 19467.875000 0.013941
2760000 19546.000000 0.013946
2770000 19624.125000 0.013951
2780000 19702.250000 0.013956
2790000 19780.375000 0.013961
2800000 19858.500000 0.013966
2810000 19936.625000 0.013971
2820000 20014.750000 0.013976
2830000 20092.875000 0.013981
2840000 20171.000000 0.013986
2850000 20249.125000 0.013991
2860000 20327.250000 0.013996
2870000 20405.375000 0.014001
2880000 20483.500000 0.014006
2890000 20561.625000 0.014011
2900000 20639.750000 0.014015
2910000 20717.875000 0.014020
2920000 20796.000000 0.014025
2930000 20874.125000 0.014029
2940000 20952.250000 0.014034
2950000 21030.375000 0.014039
2960000 21108.500000 0.014043
2970000 21186.625000 0.014048
2980000 21264.750000 0.014052
2990000 21342.875000 0.014057
3000000 21421.000000 0.014061
3010000 21499.125000 0.014065
3020000 21577.250000 0.014070
3030000 21655.375000 0.014074
3040000 21733.500000 0.014078
3050000 21811.625000 0.014083
3060000 21889.750000 0.014087
3070000 21967.875000 0.014091
3080000 22046.000000 0.014095
3090000 22124.125000 0.014100
3100000 22202.250000 0.014104
3110000 22280.375000 0.014108
3120000 22358.500000 0.014112
3130000 22436.625000 0.014116
3140000 22514.750000 0.014120
3150000 22592.875000 0.014124
3160000 22671.000000 0.014128
3170000 22749.125000 0.014132
3180000 22827.250000 0.014136
3190000 22905.375000 0.014140
3200000 22983.500000 0.014144
3210000 23061.625000 0.014148
3220000 23139.750000 0.014151
3230000 23217.875000 0.014155
3240000 23296.000000 0.014159
3250000 23374.125000 0.014163
3260000 23452.250000 0.014167
3270000 23530.375000 0.014170
3280000 23608.500000 0.014174
3290000 23686.625000 0.014178
3300000 23764.750000 0.014181
3310000 23842.875000 0.014185
3320000 23921.000000 0.014189
3330000 23999.125000 0.014192
3340000 24077.250000 0.014196
3350000 24155.375000 0.014199
3360000 24233.500000 0.014203
3370000 24311.625000 0.014206
3380000 24389.750000 0.014210
3390000 24467.875000 0.014213
3400000 24546.000000 0.014217
3410000 24624.125000 0.014220
3420000 24702.250000 0.014224
3430000 24780.375000 0.014227
3440000 24858.500000 0.014230
3450000 24936.625000 0.014234
3460000 25014.750000 0.014237
3470000 25092.875000 0.014240
3480000 25171.000000 0.014244
3490000 25249.125000 0.014247
3500000 25327.250000 0.014250
3510000 25405.375000 0.014253
3520000 25483.500000 0.014256
3530000 25561.625000 0.014260
3540000 25639.750000 0.014263
3550000 25717.875000 0.014266
3560000 25796.000000 0.014269
3570000 25874.125000 0.014272
3580000 25952.250000 0.014275
3590000 26030.375000 0.014278
3600000 26108.500000 0.014282
3610000 26186.625000 0.014285
3620000 26264.750000 0.014288
3630000 26342.875000 0.014291
3640000 26421.000000 0.014294
3650000 26499.125000 0.014297
3660000 26577.250000 0.014300
3670000 26655.375000 0.014303
3680000 26733.500000 0.014306
3690000 26811.625000 0.014308
3700000 26889.750000 0.014311
3710000 26967.875000 0.014314
3720000 27046.000000 0.014317
3730000 27124.125000 0.014320
3740000 27202.250000 0.014323
3750000 27280.375000 0.014326
3760000 27358.500000 0.014329
3770000 27436.625000 0.014331
3780000 27514.750000 0.014334
3790000 27592.875000 0.014337
3800000 27671.000000 0.014340
3810000 27749.125000 0.014342
3820000 27827.250000 0.014345
3830000 27905.375000 0.014348
3840000 27983.500000 0.014351
3850000 28061.625000 0.014353
3860000 28139.750000 0.014356
3870000 28217.875000 0.014359
3880000 28296.000000 0.014361
3890000 28374.125000 0.014364
3900000 28452.250000 0.014366
3910000 28530.375000 0.014369
3920000 28608.500000 0.014372
3930000 28686.625000 0.014374
3940000 28764.750000 0.014377
3950000 28842.875000 0.014379
3960000 28921.000000 0.014382
3970000 28999.125000 0.014384
3980000 29077.250000 0.014387
3990000 29155.375000 0.014389
4000000 29233.500000 0.014392
4010000 29311.625000 0.014394
4020000 29389.750000 0.014397
4030000 29467.875000 0.014399
4040000 29546.000000 0.014402
4050000 29624.125000 0.014404
4060000 29702.250000 0.014407
4070000 29780.375000 0.014409
4080000 29858.500000 0.014411
4090000 29936.625000 0.014414
4100000 30014.750000 0.014416
4110000 30092.875000 0.014418
4120000 30171.000000 0.014421
4130000 30249.250000 0.014423
4140000 30327.250000 0.014425
4150000 30405.500000 0.014428
4160000 30483.500000 0.014430
4170000 30561.750000 0.014432
4180000 30639.750000 0.014435
4190000 30718.000000 0.014437
4200000 30796.000000 0.014439
4210000 30874.250000 0.014441
4220000 30952.250000 0.014444
4230000 31030.500000 0.014446
4240000 31108.500000 0.014448
4250000 31186.750000 0.014450
4260000 31264.750000 0.014452
4270000 31343.000000 0.014455
4280000 31421.000000 0.014457
4290000 31499.250000 0.014459
4300000 31577.250000 0.014461
4310000 31655.500000 0.014463
4320000 31733.500000 0.014465
4330000 31811.750000 0.014468
4340000 31889.750000 0.014470
4350000 31968.000000 0.014472
4360000 32046.000000 0.014474
4370000 32124.250000 0.014476
4380000 32202.250000 0.014478
4390000 32280.500000 0.014480
4400000 32358.500000 0.014482
4410000 32436.750000 0.014484
4420000 32514.750000 0.014486
4430000 32593.000000 0.014488
4440000 32671.000000 0.014490
4450000 32749.250000 0.014492
4460000 32827.250000 0.014494
4470000 32905.500000 0.014496
4480000 32983.500000 0.014498
4490000 33061.750000 0.014500
4500000 33139.750000 0.014502
4510000 33218.000000 0.014504
4520000 33296.000000 0.014506
4530000 33374.250000 0.014508
4540000 33452.250000 0.014510
4550000 33530.500000 0.014512
4560000 33608.500000 0.014514
4570000 33686.750000 0.014516
4580000 33764.750000 0.014518
4590000 33843.000000 0.014520
4600000 33921.000000 0.014521
4610000 33999.250000 0.014523
4620000 34077.250000 0.014525
4630000 34155.500000 0.014527
4640000 34233.500000 0.014529
4650000 34311.750000 0.014531
4660000 34389.750000 0.014532
4670000 34468.000000 0.014534
4680000 34546.000000 0.014536
4690000 34624.250000 0.014538
4700000 34702.250000 0.014540
4710000 34780.500000 0.014542
4720000 34858.500000 0.014543
4730000 34936.750000 0.014545
4740000 35014.750000 0.014547
4750000 35093.000000 0.014549
4760000 35171.000000 0.014550
4770000 35249.250000 0.014552
4780000 35327.250000 0.014554
4790000 35405.500000 0.014556
4800000 35483.500000 0.014557
4810000 35561.750000 0.014559
4820000 35639.750000 0.014561
4830000 35718.000000 0.014563
4840000 35796.000000 0.014564
4850000 35874.250000 0.014566
4860000 35952.250000 0.014568
4870000 36030.500000 0.014569
4880000 36108.500000 0.014571
4890000 36186.750000 0.014573
4900000 36264.750000 0.014574
4910000 36343.000000 0.014576
4920000 36421.000000 0.014578
4930000 36499.250000 0.014579
4940000 36577.250000 0.014581
4950000 36655.500000 0.014582
4960000 36733.500000 0.014584
4970000 36811.750000 0.014586
4980000 36889.750000 0.014587
4990000 36968.000000 0.014589
5000000 37046.000000 0.014590
5010000 37124.250000 0.014592
5020000 37202.250000 0.014594
5030000 37280.500000 0.014595
5040000 37358.500000 0.014597
5050000 37436.750000 0.014598
5060000 37514.750000 0.014600
5070000 37593.000000 0.014601
5080000 37671.000000 0.014603
5090000 37749.250000 0.014605
5100000 37827.250000 0.014606
5110000 37905.500000 0.014608
5120000 37983.500000 0.014609
5130000 38061.750000 0.014611
5140000 38139.750000 0.014612
5150000 38218.000000 0.014614
5160000 38296.000000 0.014615
5170000 38374.250000 0.014617
5180000 38452.250000 0.014618
5190000 38530.500000 0.014620
5200000 38608.500000 0.014621
5210000 38686.750000 0.014622
5220000 38764.750000 0.014624
5230000 38843.000000 0.014625
5240000 38921.000000 0.014627
5250000 38999.250000 0.014628
5260000 39077.250000 0.014630
5270000 39155.500000 0.014631
5280000 39233.500000 0.014633
5290000 39311.750000 0.014634
5300000 39389.750000 0.014635
5310000 39468.000000 0.014637
5320000 39546.000000 0.014638
5330000 39624.250000 0.014640
5340000 39702.250000 0.014641
5350000 39780.500000 0.014642
5360000 39858.500000 0.014644
5370000 39936.750000 0.014645
5380000 40014.750000 0.014647
5390000 40093.000000 0.014648
5400000 40171.000000 0.014649
5410000 40249.250000 0.014651
5420000 40327.250000 0.014652
5430000 40405.500000 0.014653
5440000 40483.500000 0.014655
5450000 40561.750000 0.014656
5460000 40639.750000 0.014657
5470000 40718.000000 0.014659
5480000 40796.000000 0.014660
5490000 40874.250000 0.014661
5500000 40952.250000 0.014663
5510000 41030.500000 0.014664
5520000 41108.500000 0.014665
5530000 41186.750000 0.014667
5540000 41264.750000 0.014668
5550000 41343.000000 0.014669
5560000 41421.000000 0.014670
5570000 41499.250000 0.014672
5580000 41577.250000 0.014673
5590000 41655.500000 0.014674
5600000 41733.500000 0.014676
5610000 41811.750000 0.014677
5620000 41889.750000 0.014678
5630000 41968.000000 0.014679
5640000 42046.000000 0.014681
5650000 42124.250000 0.014682
5660000 42202.250000 0.014683
5670000 42280.500000 0.014684
5680000 42358.500000 0.014686
5690000 42436.750000 0.014687
5700000 42514.750000 0.014688
5710000 42593.000000 0.014689
5720000 42671.000000 0.014690
5730000 42749.250000 0.014692
5740000 42827.250000 0.014693
5750000 42905.500000 0.014694
5760000 42983.500000 0.014695
5770000 43061.750000 0.014696
5780000 43139.750000 0.014698
5790000 43218.000000 0.014699
5800000 43296.000000 0.014700
5810000 43374.250000 0.014701
5820000 43452.250000 0.014702
5830000 43530.500000 0.014704
5840000 43608.500000 0.014705
5850000 43686.750000 0.014706
5860000 43764.750000 0.014707
5870000 43843.000000 0.014708
5880000 43921.000000 0.014709
5890000 43999.250000 0.014710
5900000 44077.250000 0.014712
5910000 44155.500000 0.014713
5920000 44233.500000 0.014714
5930000 44311.750000 0.014715
5940000 44389.750000 0.014716
5950000 44468.000000 0.014717
5960000 44546.000000 0.014718
5970000 44624.250000 0.014720
5980000 44702.250000 0.014721
5990000 44780.500000 0.014722
6000000 44858.500000 0.014723
6010000 44936.750000 0.014724
6020000 45014.750000 0.014725
6030000 45093.000000 0.014726
6040000 45171.000000 0.014727
6050000 45249.250000 0.014728
6060000 45327.250000 0.014729
6070000 45405.500000 0.014730
6080000 45483.500000 0.014731
6090000 45561.750000 0.014733
6100000 45639.750000 0.014734
6110000 45718.000000 0.014735
6120000 45796.000000 0.014736
6130000 45874.250000 0.014737
6140000 45952.250000 0.014738
6150000 46030.500000 0.014739
6160000 46108.500000 0.014740
6170000 46186.750000 0.014741
6180000 46264.750000 0.014742
6190000 46343.000000 0.014743
6200000 46421.000000 0.014744
6210000 46499.250000 0.014745
6220000 46577.250000 0.014746
6230000 46655.500000 0.014747
6240000 46733.500000 0.014748
6250000 46811.750000 0.014749
6260000 46889.750000 0.014750
6270000 46968.000000 0.014751
6280000 47046.000000 0.014752
6290000 47124.250000 0.014753
6300000 47202.250000 0.014754
6310000 47280.500000 0.014755
6320000 47358.500000 0.014756
6330000 47436.750000 0.014757
6340000 47514.750000 0.014758
6350000 47593.000000 0.014759
6360000 47671.000000 0.014760
6370000 47749.250000 0.014761
6380000 47827.250000 0.014762
6390000 47905.500000 0.014763
6400000 47983.500000 0.014764
6410000 48061.750000 0.014765
6420000 48139.750000 0.014766
6430000 48218.000000 0.014767
6440000 48296.000000 0.014768
6450000 48374.250000 0.014769
6460000 48452.250000 0.014770
6470000 48530.500000 0.014771
6480000 48608.500000 0.014772
6490000 48686.750000 0.014773
6500000 48764.750000 0.014774
6510000 48843.000000 0.014775
6520000 48921.000000 0.014776
6530000 48999.250000 0.014777
6540000 49077.250000 0.014777
6550000 49155.500000 0.014778
6560000 49233.500000 0.014779
6570000 49311.750000 0.014780
6580000 49389.750000 0.014781
6590000 49468.000000 0.014782
6600000 49546.000000 0.014783
6610000 49624.250000 0.014784
6620000 49702.250000 0.014785
6630000 49780.500000 0.014786
6640000 49858.500000 0.014787
6650000 49936.750000 0.014788
6660000 50014.750000 0.014788
6670000 50093.000000 0.014789
6680000 50171.000000 0.014790
6690000 50249.250000 0.014791
6700000 50327.250000 0.014792
6710000 50405.500000 0.014793
6720000 50483.500000 0.014794
6730000 50561.750000 0.014795
6740000 50639.750000 0.014795
6750000 50718.000000 0.014796
6760000 50796.000000 0.014797
6770000 50874.250000 0.014798
6780000 50952.250000 0.014799
6790000 51030.500000 0.014800
6800000 51108.500000 0.014801
6810000 51186.750000 0.014802
6820000 51264.750000 0.014802
6830000 51343.000000 0.014803
6840000 51421.000000 0.014804
6850000 51499.250000 0.014805
6860000 51577.250000 0.014806
6870000 51655.500000 0.014807
6880000 51733.500000 0.014807
6890000 51811.750000 0.014808
6900000 51889.750000 0.014809
6910000 51968.000000 0.014810
6920000 52046.000000 0.014811
6930000 52124.250000 0.014812
6940000 52202.250000 0.014812
6950000 52280.500000 0.014813
6960000 52358.500000 0.014814
6970000 52436.750000 0.014815
6980000 52514.750000 0.014816
6990000 52593.000000 0.014817
7000000 52671.000000 0.014817
7010000 52749.250000 0.014818
7020000 52827.250000 0.014819
7030000 52905.500000 0.014820
7040000 52983.500000 0.014821
7050000 53061.750000 0.014821
7060000 53139.750000 0.014822
7070000 53218.000000 0.014823
7080000 53296.000000 0.014824
7090000 53374.250000 0.014825
7100000 53452.250000 0.014825
7110000 53530.500000 0.014826
7120000 53608.500000 0.014827
7130000 53686.750000 0.014828
7140000 53764.750000 0.014828
7150000 53843.000000 0.014829
7160000 53921.000000 0.014830
7170000 53999.250000 0.014831
7180000 54077.250000 0.014832
7190000 54155.500000 0.014832
7200000 54233.500000 0.014833
7210000 54311.750000 0.014834
7220000 54389.750000 0.014835
7230000 54468.000000 0.014835
7240000 54546.000000 0.014836
7250000 54624.250000 0.014837
7260000 54702.250000 0.014838
7270000 54780.500000 0.014838
7280000 54858.500000 0.014839
7290000 54936.750000 0.014840
7300000 55014.750000 0.014841
7310000 55093.000000 0.014841
7320000 55171.000000 0.014842
7330000 55249.250000 0.014843
7340000 55327.250000 0.014844
7350000 55405.500000 0.014844
7360000 55483.500000 0.014845
7370000 55561.750000 0.014846
7380000 55639.750000 0.014847
7390000 55718.000000 0.014847
7400000 55796.000000 0.014848
7410000 55874.250000 0.014849
7420000 55952.250000 0.014849
7430000 56030.500000 0.014850
7440000 56108.500000 0.014851
7450000 56186.750000 0.014852
7460000 56264.750000 0.014852
7470000 56343.000000 0.014853
7480000 56421.000000 0.014854
7490000 56499.250000 0.014854
7500000 56577.250000 0.014855
7510000 56655.500000 0.014856
7520000 56733.500000 0.014857
7530000 56811.750000 0.014857
7540000 56889.750000 0.014858
7550000 56968.000000 0.014859
7560000 57046.000000 0.014859
7570000 57124.250000 0.014860
7580000 57202.250000 0.014861
7590000 57280.500000 0.014861
7600000 57358.500000 0.014862
7610000 57436.750000 0.014863
7620000 57514.750000 0.014863
7630000 57593.000000 0.014864
7640000 57671.000000 0.014865
7650000 57749.250000 0.014866
7660000 57827.250000 0.014866
7670000 57905.500000 0.014867
7680000 57983.500000 0.014868
7690000 58061.750000 0.014868
7700000 58139.750000 0.014869
7710000 58218.000000 0.014870
7720000 58296.000000 0.014870
7730000 58374.250000 0.014871
7740000 58452.250000 0.014872
7750000 58530.500000 0.014872
7760000 58608.500000 0.014873
7770000 58686.750000 0.014874
7780000 58764.750000 0.014874
7790000 58843.000000 0.014875
7800000 58921.000000 0.014876
7810000 58999.250000 0.014876
7820000 59077.250000 0.014877
7830000 59155.500000 0.014877
7840000 59233.500000 0.014878
7850000 59311.750000 0.014879
7860000 59389.750000 0.014879
7870000 59468.000000 0.014880
7880000 59546.000000 0.014881
7890000 59624.250000 0.014881
7900000 59702.250000 0.014882
7910000 59780.500000 0.014883
7920000 59858.500000 0.014883
7930000 59936.750000 0.014884
7940000 60014.750000 0.014884
7950000 60093.000000 0.014885
7960000 60171.000000 0.014886
7970000 60249.250000 0.014886
7980000 60327.250000 0.014887
7990000 60405.500000 0.014888
8000000 60483.500000 0.014888
8010000 60561.750000 0.014889
8020000 60639.750000 0.014889
8030000 60718.000000 0.014890
8040000 60796.000000 0.014891
8050000 60874.250000 0.014891
8060000 60952.250000 0.014892
8070000 61030.500000 0.014893
8080000 61108.500000 0.014893
8090000 61186.750000 0.014894
8100000 61264.750000 0.014894
8110000 61343.000000 0.014895
8120000 61421.000000 0.014896
8130000 61499.250000 0.014896
8140000 61577.250000 0.014897
8150000 61655.500000 0.014897
8160000 61733.500000 0.014898
8170000 61811.750000 0.014899
8180000 61889.750000 0.014899
8190000 61968.000000 0.014900
8200000 62046.000000 0.014900
8210000 62124.250000 0.014901
8220000 62202.250000 0.014902
8230000 62280.500000 0.014902
8240000 62358.500000 0.014903
8250000 62436.750000 0.014903
8260000 62515.000000 0.014904
8270000 62593.000000 0.014904
8280000 62671.000000 0.014905
8290000 62749.000000 0.014906
8300000 62827.500000 0.014906
8310000 62905.500000 0.014907
8320000 62983.500000 0.014907
8330000 63061.500000 0.014908
8340000 63140.000000 0.014909
8350000 63218.000000 0.014909
8360000 63296.000000 0.014910
8370000 63374.000000 0.014910
8380000 63452.500000 0.014911
8390000 63530.500000 0.014911
8400000 63608.500000 0.014912
8410000 63686.500000 0.014912
8420000 63765.000000 0.014913
8430000 63843.000000 0.014914
8440000 63921.000000 0.014914
8450000 63999.000000 0.014915
8460000 64077.500000 0.014915
8470000 64155.500000 0.014916
8480000 64233.500000 0.014916
8490000 64311.500000 0.014917
8500000 64390.000000 0.014917
8510000 64468.000000 0.014918
8520000 64546.000000 0.014919
8530000 64624.000000 0.014919
8540000 64702.500000 0.014920
8550000 64780.500000 0.014920
8560000 64858.500000 0.014921
8570000 64936.500000 0.014921
8580000 65015.000000 0.014922
8590000 65093.000000 0.014922
8600000 65171.000000 0.014923
8610000 65249.000000 0.014923
8620000 65327.500000 0.014924
8630000 65405.500000 0.014925
8640000 65483.500000 0.014925
8650000 65561.500000 0.014926
8660000 65640.000000 0.014926
8670000 65718.000000 0.014927
8680000 65796.000000 0.014927
8690000 65874.000000 0.014928
8700000 65952.500000 0.014928
8710000 66030.500000 0.014929
8720000 66108.500000 0.014929
8730000 66186.500000 0.014930
8740000 66265.000000 0.014930
8750000 66343.000000 0.014931
8760000 66421.000000 0.014931
8770000 66499.000000 0.014932
8780000 66577.500000 0.014932
8790000 66655.500000 0.014933
8800000 66733.500000 0.014933
8810000 66811.500000 0.014934
8820000 66890.000000 0.014934
8830000 66968.000000 0.014935
8840000 67046.000000 0.014935
8850000 67124.000000 0.014936
8860000 67202.500000 0.014936
8870000 67280.500000 0.014937
8880000 67358.500000 0.014937
8890000 67436.500000 0.014938
8900000 67515.000000 0.014938
8910000 67593.000000 0.014939
8920000 67671.000000 0.014939
8930000 67749.000000 0.014940
8940000 67827.500000 0.014940
8950000 67905.500000 0.014941
8960000 67983.500000 0.014941
8970000 68061.500000 0.014942
8980000 68140.000000 0.014942
8990000 68218.000000 0.014943
9000000 68296.000000 0.014943
9010000 68374.000000 0.014944
9020000 68452.500000 0.014944
9030000 68530.500000 0.014945
9040000 68608.500000 0.014945
9050000 68686.500000 0.014946
9060000 68765.000000 0.014946
9070000 68843.000000 0.014947
9080000 68921.000000 0.014947
9090000 68999.000000 0.014948
9100000 69077.500000 0.014948
9110000 69155.500000 0.014949
9120000 69233.500000 0.014949
9130000 69311.500000 0.014950
9140000 69390.000000 0.014950
9150000 69468.000000 0.014951
9160000 69546.000000 0.014951
9170000 69624.000000 0.014952
9180000 69702.500000 0.014952
9190000 69780.500000 0.014953
9200000 69858.500000 0.014953
9210000 69936.500000 0.014953
9220000 70015.000000 0.014954
9230000 70093.000000 0.014954
9240000 70171.000000 0.014955
9250000 70249.000000 0.014955
9260000 70327.500000 0.014956
9270000 70405.500000 0.014956
9280000 70483.500000 0.014957
9290000 70561.500000 0.014957
9300000 70640.000000 0.014958
9310000 70718.000000 0.014958
9320000 70796.000000 0.014959
9330000 70874.000000 0.014959
9340000 70952.500000 0.014960
9350000 71030.500000 0.014960
9360000 71108.500000 0.014960
9370000 71186.500000 0.014961
9380000 71265.000000 0.014961
9390000 71343.000000 0.014962
9400000 71421.000000 0.014962
9410000 71499.000000 0.014963
9420000 71577.500000 0.014963
9430000 71655.500000 0.014964
9440000 71733.500000 0.014964
9450000 71811.500000 0.014964
9460000 71890.000000 0.014965
9470000 71968.000000 0.014965
9480000 72046.000000 0.014966
9490000 72124.000000 0.014966
9500000 72202.500000 0.014967
9510000 72280.500000 0.014967
9520000 72358.500000 0.014967
9530000 72436.500000 0.014968
9540000 72515.000000 0.014968
9550000 72593.000000 0.014969
9560000 72671.000000 0.014969
9570000 72749.000000 0.014970
9580000 72827.500000 0.014970
9590000 72905.500000 0.014971
9600000 72983.500000 0.014971
9610000 73061.500000 0.014971
9620000 73140.000000 0.014972
9630000 73218.000000 0.014972
9640000 73296.000000 0.014973
9650000 73374.000000 0.014973
9660000 73452.500000 0.014974
9670000 73530.500000 0.014974
9680000 73608.500000 0.014974
9690000 73686.500000 0.014975
9700000 73765.000000 0.014975
9710000 73843.000000 0.014976
9720000 73921.000000 0.014976
9730000 73999.000000 0.014976
9740000 74077.500000 0.014977
9750000 74155.500000 0.014977
9760000 74233.500000 0.014978
9770000 74311.500000 0.014978
9780000 74390.000000 0.014979
9790000 74468.000000 0.014979
9800000 74546.000000 0.014979
9810000 74624.000000 0.014980
9820000 74702.500000 0.014980
9830000 74780.500000 0.014981
9840000 74858.500000 0.014981
9850000 74936.500000 0.014981
9860000 75015.000000 0.014982
9870000 75093.000000 0.014982
9880000 75171.000000 0.014983
9890000 75249.000000 0.014983
9900000 75327.500000 0.014984
9910000 75405.500000 0.014984
9920000 75483.500000 0.014984
9930000 75561.500000 0.014985
9940000 75640.000000 0.014985
9950000 75718.000000 0.014986
9960000 75796.000000 0.014986
9970000 75874.000000 0.014986
9980000 75952.500000 0.014987
9990000 76030.500000 0.014987
5002016.500000 76108.500000 0.014988
