0 0.000002
100000 0.000531
200000 0.001062
300000 0.001610
400000 0.002123
500000 0.002661
600000 0.003197
700000 0.002435
800000 0.002282
900000 0.002522
1000000 0.002757
1100000 0.003076
1200000 0.003357
1300000 0.003901
1400000 0.003979
1500000 0.004180
1600000 0.004723
1700000 0.004835
1800000 0.004950
1900000 0.005314
2000000 0.006034
2100000 0.006016
2200000 0.006233
2300000 0.006275
2400000 0.006525
2500000 0.006876
2600000 0.006966
2700000 0.007320
2800000 0.007565
2900000 0.007904
3000000 0.008092
3100000 0.008407
3200000 0.008817
3300000 0.009115
3400000 0.009192
3500000 0.009447
3600000 0.009650
3700000 0.010067
3800000 0.010173
3900000 0.010585
4000000 0.010865
4100000 0.011064
4200000 0.011327
4300000 0.011731
4400000 0.012043
4500000 0.012257
4600000 0.012465
4700000 0.012825
4800000 0.012893
4900000 0.013254
5000000 0.013548
5100000 0.013790
5200000 0.014132
5300000 0.014323
5400000 0.014833
5500000 0.014795
5600000 0.015364
5700000 0.015809
5800000 0.015865
5900000 0.016062
6000000 0.016387
6100000 0.016939
6200000 0.016744
6300000 0.017325
6400000 0.017307
6500000 0.017886
6600000 0.017846
6700000 0.018394
6800000 0.018476
6900000 0.019000
7000000 0.019055
7100000 0.019513
7200000 0.019603
7300000 0.020162
7400000 0.020099
7500000 0.020711
7600000 0.020912
7700000 0.021126
7800000 0.021334
7900000 0.021897
8000000 0.021891
8100000 0.021991
8200000 0.022481
8300000 0.022657
8400000 0.022965
8500000 0.023073
8600000 0.023366
8700000 0.023871
8800000 0.023873
8900000 0.024325
9000000 0.024578
9100000 0.024849
9200000 0.024884
9300000 0.025724
9400000 0.025278
9500000 0.025817
9600000 0.026039
9700000 0.026373
9800000 0.026398
9900000 0.027169
10000000 0.027292
10100000 0.027389
10200000 0.027848
10300000 0.028060
10400000 0.028263
10500000 0.028459
10600000 0.029013
10700000 0.029269
10800000 0.029349
10900000 0.029442
11000000 0.030124
11100000 0.030357
11200000 0.030444
11300000 0.030961
11400000 0.031101
11500000 0.031355
11600000 0.031595
11700000 0.031811
11800000 0.032376
11900000 0.032555
12000000 0.032681
12100000 0.033011
12200000 0.033359
12300000 0.033706
12400000 0.033720
12500000 0.034129
12600000 0.034574
12700000 0.034975
12800000 0.034901
12900000 0.035081
13000000 0.035321
13100000 0.035572
13200000 0.035991
13300000 0.036672
13400000 0.036945
13500000 0.036687
13600000 0.036985
13700000 0.037338
13800000 0.038010
13900000 0.038088
14000000 0.038064
14100000 0.038339
14200000 0.038997
14300000 0.038815
14400000 0.039186
14500000 0.039297
14600000 0.040031
14700000 0.039828
14800000 0.040118
14900000 0.040169
15000000 0.041061
15100000 0.040820
15200000 0.041061
15300000 0.041402
15400000 0.041602
15500000 0.041897
15600000 0.042061
15700000 0.042651
15800000 0.042531
15900000 0.043234
16000000 0.043164
16100000 0.043618
16200000 0.044167
16300000 0.044130
16400000 0.044654
16500000 0.044566
16600000 0.045333
16700000 0.045685
16800000 0.045879
16900000 0.045691
17000000 0.046401
17100000 0.046224
17200000 0.046835
17300000 0.046758
17400000 0.047155
17500000 0.047291
17600000 0.047729
17700000 0.047868
17800000 0.047871
17900000 0.048365
18000000 0.048748
18100000 0.048973
18200000 0.049385
18300000 0.050506
18400000 0.049522
18500000 0.050081
18600000 0.050056
18700000 0.050863
18800000 0.050849
18900000 0.050995
19000000 0.051258
19100000 0.051684
19200000 0.051993
19300000 0.052267
19400000 0.052640
19500000 0.052627
19600000 0.054924
19700000 0.055753
19800000 0.055199
19900000 0.054004
20000000 0.054522
20100000 0.054984
20200000 0.054848
20300000 0.055158
20400000 0.055117
20500000 0.055239
20600000 0.055913
20700000 0.056226
20800000 0.055913
20900000 0.057341
21000000 0.057711
21100000 0.057452
21200000 0.057442
21300000 0.057686
21400000 0.057973
21500000 0.058191
21600000 0.058388
21700000 0.059076
21800000 0.059570
21900000 0.059975
22000000 0.060424
22100000 0.060252
22200000 0.060876
22300000 0.061036
22400000 0.061262
22500000 0.061309
22600000 0.061744
22700000 0.061577
22800000 0.062828
22900000 0.063005
23000000 0.062923
23100000 0.063176
23200000 0.063510
23300000 0.063771
23400000 0.064020
23500000 0.064257
23600000 0.064234
23700000 0.064505
23800000 0.064792
23900000 0.065247
24000000 0.065442
24100000 0.064967
24200000 0.065144
24300000 0.065798
24400000 0.065989
24500000 0.066119
24600000 0.066844
24700000 0.066829
24800000 0.067165
24900000 0.067413
25000000 0.067954
25100000 0.068446
25200000 0.068291
25300000 0.068971
25400000 0.069297
25500000 0.069318
25600000 0.069313
25700000 0.069858
25800000 0.070351
25900000 0.070794
26000000 0.071069
26100000 0.070937
26200000 0.071338
26300000 0.071228
26400000 0.072248
26500000 0.072808
26600000 0.071860
26700000 0.072591
26800000 0.073015
26900000 0.073271
27000000 0.073315
27100000 0.073504
27200000 0.074061
27300000 0.073954
27400000 0.074395
27500000 0.075015
27600000 0.075158
27700000 0.075468
27800000 0.076468
27900000 0.076804
28000000 0.076222
28100000 0.076652
28200000 0.076677
28300000 0.077441
28400000 0.077380
28500000 0.077672
28600000 0.078324
28700000 0.078642
28800000 0.078390
28900000 0.078695
29000000 0.079051
29100000 0.079707
29200000 0.080179
29300000 0.079589
29400000 0.080122
29500000 0.080034
29600000 0.080386
29700000 0.080435
29800000 0.081522
29900000 0.080597
30000000 0.081427
30100000 0.081484
30200000 0.081870
30300000 0.082149
30400000 0.082627
30500000 0.083365
30600000 0.082948
30700000 0.083368
30800000 0.083831
30900000 0.083517
31000000 0.084293
31100000 0.085187
31200000 0.085285
31300000 0.085082
31400000 0.085224
31500000 0.085818
31600000 0.085952
31700000 0.086114
31800000 0.086129
31900000 0.087779
32000000 0.087225
32100000 0.087183
32200000 0.087762
32300000 0.087352
32400000 0.087852
32500000 0.087981
32600000 0.088437
32700000 0.089139
32800000 0.089587
32900000 0.089111
33000000 0.090023
33100000 0.089243
33200000 0.089518
33300000 0.090697
33400000 0.090410
33500000 0.090628
33600000 0.091167
33700000 0.090839
33800000 0.091891
33900000 0.092645
34000000 0.092848
34100000 0.092916
34200000 0.092809
34300000 0.092721
34400000 0.093272
34500000 0.094021
34600000 0.093945
34700000 0.093727
34800000 0.094014
34900000 0.093749
35000000 0.093936
35100000 0.094669
35200000 0.095031
35300000 0.095891
35400000 0.097008
35500000 0.096916
35600000 0.097512
35700000 0.096209
35800000 0.096654
35900000 0.097453
36000000 0.098466
36100000 0.097808
36200000 0.097494
36300000 0.097773
36400000 0.099481
36500000 0.098852
36600000 0.099038
36700000 0.098727
36800000 0.099301
36900000 0.099976
37000000 0.100599
37100000 0.101056
37200000 0.102785
37300000 0.101505
37400000 0.100956
37500000 0.101382
37600000 0.101600
37700000 0.101164
37800000 0.102157
37900000 0.103354
38000000 0.103347
38100000 0.103247
38200000 0.103754
38300000 0.103629
38400000 0.103870
38500000 0.103575
38600000 0.104211
38700000 0.104682
38800000 0.107090
38900000 0.107498
39000000 0.107514
39100000 0.109115
39200000 0.111054
39300000 0.109252
39400000 0.109066
39500000 0.109718
39600000 0.109672
39700000 0.109301
39800000 0.109372
39900000 0.110607
40000000 0.110306
40100000 0.111361
40200000 0.110728
40300000 0.110386
40400000 0.111359
40500000 0.111190
40600000 0.111658
40700000 0.111627
40800000 0.109945
40900000 0.110362
41000000 0.110910
41100000 0.111428
41200000 0.112184
41300000 0.111234
41400000 0.111659
41500000 0.113187
41600000 0.112815
41700000 0.112835
41800000 0.113190
41900000 0.113487
42000000 0.113547
42100000 0.114576
42200000 0.114936
42300000 0.114947
42400000 0.114485
42500000 0.114599
42600000 0.114700
42700000 0.115529
42800000 0.114931
42900000 0.115888
43000000 0.115982
43100000 0.116877
43200000 0.116421
43300000 0.116699
43400000 0.116876
43500000 0.116834
43600000 0.118194
43700000 0.117986
43800000 0.118458
43900000 0.118924
44000000 0.119042
44100000 0.119352
44200000 0.119207
44300000 0.119192
44400000 0.119193
44500000 0.119797
44600000 0.119842
44700000 0.121254
44800000 0.121003
44900000 0.120992
45000000 0.121609
45100000 0.122788
45200000 0.121604
45300000 0.121722
45400000 0.121549
45500000 0.123426
45600000 0.122715
45700000 0.123616
45800000 0.123707
45900000 0.125537
46000000 0.124090
46100000 0.124832
46200000 0.124642
46300000 0.124843
46400000 0.125350
46500000 0.125724
46600000 0.126000
46700000 0.126708
46800000 0.126665
46900000 0.126657
47000000 0.127162
47100000 0.128546
47200000 0.127796
47300000 0.128153
47400000 0.129661
47500000 0.128504
47600000 0.128923
47700000 0.128624
47800000 0.128536
47900000 0.128825
48000000 0.129950
48100000 0.129575
48200000 0.130320
48300000 0.130415
48400000 0.130682
48500000 0.130965
48600000 0.132390
48700000 0.133156
48800000 0.131454
48900000 0.131902
49000000 0.132838
49100000 0.132303
49200000 0.132502
49300000 0.132224
49400000 0.132797
49500000 0.132813
49600000 0.133375
49700000 0.133665
49800000 0.134494
49900000 0.134270
50000000 0.134408
50100000 0.135297
50200000 0.135735
50300000 0.135933
50400000 0.137132
50500000 0.141811
50600000 0.141730
50700000 0.137377
50800000 0.136990
50900000 0.137264
51000000 0.137882
51100000 0.137568
51200000 0.141252
51300000 0.138329
51400000 0.139304
51500000 0.138100
51600000 0.138668
51700000 0.139077
51800000 0.139808
51900000 0.140574
52000000 0.143101
52100000 0.140197
52200000 0.139730
52300000 0.142439
52400000 0.141776
52500000 0.141908
52600000 0.142560
52700000 0.142877
52800000 0.142826
52900000 0.142772
53000000 0.142943
53100000 0.142729
53200000 0.145349
53300000 0.145027
53400000 0.145314
53500000 0.145351
53600000 0.144414
53700000 0.144086
53800000 0.144760
53900000 0.144966
54000000 0.145822
54100000 0.146372
54200000 0.146391
54300000 0.145871
54400000 0.146349
54500000 0.146454
54600000 0.146650
54700000 0.152278
54800000 0.146833
54900000 0.150240
55000000 0.151877
55100000 0.149033
55200000 0.148545
55300000 0.148962
55400000 0.152987
55500000 0.151890
55600000 0.149373
55700000 0.149680
55800000 0.149604
55900000 0.150292
56000000 0.150594
56100000 0.151255
56200000 0.151527
56300000 0.151221
56400000 0.151694
56500000 0.151722
56600000 0.152005
56700000 0.158186
56800000 0.154212
56900000 0.158142
57000000 0.157599
57100000 0.155241
57200000 0.154113
57300000 0.156166
57400000 0.159658
57500000 0.156138
57600000 0.154684
57700000 0.154715
57800000 0.155118
57900000 0.156180
58000000 0.158650
58100000 0.159546
58200000 0.156024
58300000 0.157415
58400000 0.157472
58500000 0.157744
58600000 0.157514
58700000 0.158031
58800000 0.158025
58900000 0.159207
59000000 0.159198
59100000 0.160365
59200000 0.159243
59300000 0.158846
59400000 0.160266
59500000 0.162401
59600000 0.160601
59700000 0.160369
59800000 0.161150
59900000 0.161502
60000000 0.163501
60100000 0.165734
60200000 0.166619
60300000 0.166613
60400000 0.166782
60500000 0.164166
60600000 0.163721
60700000 0.163706
60800000 0.164551
60900000 0.165880
61000000 0.164429
61100000 0.164942
61200000 0.164789
61300000 0.165615
61400000 0.165218
61500000 0.165223
61600000 0.165810
61700000 0.166253
61800000 0.166581
61900000 0.167047
62000000 0.168988
62100000 0.167087
62200000 0.167433
62300000 0.167558
62400000 0.167999
62500000 0.169093
62600000 0.168677
62700000 0.168843
62800000 0.168769
62900000 0.171487
63000000 0.170449
63100000 0.170185
63200000 0.170725
63300000 0.170312
63400000 0.170799
63500000 0.171020
63600000 0.171006
63700000 0.171559
63800000 0.172159
63900000 0.172050
64000000 0.172227
64100000 0.173644
64200000 0.172682
64300000 0.173260
64400000 0.174412
64500000 0.174268
64600000 0.173868
64700000 0.173853
64800000 0.173826
64900000 0.175697
65000000 0.174566
65100000 0.175024
65200000 0.175525
65300000 0.177226
65400000 0.177825
65500000 0.177758
65600000 0.178487
65700000 0.176762
65800000 0.176681
65900000 0.177656
66000000 0.179553
66100000 0.187387
66200000 0.178534
66300000 0.180975
66400000 0.184015
66500000 0.178897
66600000 0.179233
66700000 0.179440
66800000 0.179516
66900000 0.180302
67000000 0.180455
67100000 0.180684
67200000 0.181144
67300000 0.180565
67400000 0.181270
67500000 0.181018
67600000 0.182879
67700000 0.182383
67800000 0.183497
67900000 0.184925
68000000 0.184178
68100000 0.183697
68200000 0.184101
68300000 0.184345
68400000 0.185363
68500000 0.184079
68600000 0.184860
68700000 0.185514
68800000 0.186239
68900000 0.186794
69000000 0.186015
69100000 0.186831
69200000 0.188479
69300000 0.186456
69400000 0.186873
69500000 0.187314
69600000 0.187344
69700000 0.187549
69800000 0.188936
69900000 0.189353
70000000 0.189586
70100000 0.189991
70200000 0.189727
70300000 0.188734
70400000 0.189386
70500000 0.189826
70600000 0.190154
70700000 0.189680
70800000 0.190876
70900000 0.191794
71000000 0.191087
71100000 0.191143
71200000 0.192415
71300000 0.191797
71400000 0.191649
71500000 0.192512
71600000 0.191732
71700000 0.193399
71800000 0.193723
71900000 0.192715
72000000 0.192760
72100000 0.193873
72200000 0.193605
72300000 0.193779
72400000 0.195244
72500000 0.194994
72600000 0.195570
72700000 0.196667
72800000 0.195943
72900000 0.196573
73000000 0.196949
73100000 0.195989
73200000 0.197471
73300000 0.197923
73400000 0.197430
73500000 0.198772
73600000 0.198848
73700000 0.199657
73800000 0.199395
73900000 0.200118
74000000 0.203520
74100000 0.200342
74200000 0.200071
74300000 0.200390
74400000 0.199660
74500000 0.199901
74600000 0.200582
74700000 0.200838
74800000 0.200860
74900000 0.201570
75000000 0.202584
75100000 0.202009
75200000 0.201878
75300000 0.201868
75400000 0.202271
75500000 0.203367
75600000 0.202759
75700000 0.203544
75800000 0.203357
75900000 0.203897
76000000 0.207421
76100000 0.207309
76200000 0.207973
76300000 0.207203
76400000 0.206032
76500000 0.205173
76600000 0.205970
76700000 0.207592
76800000 0.207444
76900000 0.207006
77000000 0.206674
77100000 0.206851
77200000 0.208829
77300000 0.207973
77400000 0.208414
77500000 0.208532
77600000 0.208542
77700000 0.209863
77800000 0.209352
77900000 0.209614
78000000 0.211974
78100000 0.210068
78200000 0.210444
78300000 0.214639
78400000 0.216652
78500000 0.216497
78600000 0.221880
78700000 0.216488
78800000 0.216205
78900000 0.217883
79000000 0.216694
79100000 0.217478
79200000 0.218167
79300000 0.218661
79400000 0.219130
79500000 0.219574
79600000 0.219358
79700000 0.219311
79800000 0.218470
79900000 0.219627
80000000 0.219754
80100000 0.220248
80200000 0.220459
80300000 0.220648
80400000 0.218878
80500000 0.218135
80600000 0.217106
80700000 0.217577
80800000 0.217141
80900000 0.217891
81000000 0.219107
81100000 0.224397
81200000 0.229649
81300000 0.229175
81400000 0.229206
81500000 0.230153
81600000 0.226658
81700000 0.226717
81800000 0.228374
81900000 0.228043
82000000 0.227894
82100000 0.226793
82200000 0.228816
82300000 0.225266
82400000 0.226757
82500000 0.228369
82600000 0.227964
82700000 0.229735
82800000 0.227622
82900000 0.228462
83000000 0.228499
83100000 0.228885
83200000 0.227112
83300000 0.227277
83400000 0.225907
83500000 0.230755
83600000 0.230705
83700000 0.230159
83800000 0.230656
83900000 0.230910
84000000 0.230653
84100000 0.231574
84200000 0.232331
84300000 0.232020
84400000 0.233358
84500000 0.231819
84600000 0.233330
84700000 0.230223
84800000 0.229041
84900000 0.229217
85000000 0.231026
85100000 0.231220
85200000 0.230571
85300000 0.231241
85400000 0.231081
85500000 0.231705
85600000 0.230719
85700000 0.233010
85800000 0.230492
85900000 0.230855
86000000 0.230720
86100000 0.232554
86200000 0.236474
86300000 0.231604
86400000 0.231916
86500000 0.232582
86600000 0.234743
86700000 0.232911
86800000 0.238486
86900000 0.235353
87000000 0.234382
87100000 0.236053
87200000 0.237548
87300000 0.234966
87400000 0.238017
87500000 0.236752
87600000 0.235670
87700000 0.235932
87800000 0.237457
87900000 0.239728
88000000 0.238222
88100000 0.236918
88200000 0.238160
88300000 0.241506
88400000 0.244213
88500000 0.243109
88600000 0.243624
88700000 0.244137
88800000 0.243473
88900000 0.246320
89000000 0.244813
89100000 0.245380
89200000 0.246769
89300000 0.246058
89400000 0.249471
89500000 0.252995
89600000 0.252170
89700000 0.248830
89800000 0.247680
89900000 0.247837
90000000 0.247518
90100000 0.247217
90200000 0.248453
90300000 0.246114
90400000 0.253740
90500000 0.254556
90600000 0.255946
90700000 0.251216
90800000 0.257017
90900000 0.259292
91000000 0.253578
91100000 0.250936
91200000 0.252852
91300000 0.251968
91400000 0.250587
91500000 0.249854
91600000 0.246165
91700000 0.248589
91800000 0.250310
91900000 0.248885
92000000 0.248774
92100000 0.248345
92200000 0.251053
92300000 0.247948
92400000 0.252176
92500000 0.257507
92600000 0.251672
92700000 0.249901
92800000 0.253933
92900000 0.252342
93000000 0.254118
93100000 0.251201
93200000 0.252963
93300000 0.252476
93400000 0.251331
93500000 0.251270
93600000 0.251692
93700000 0.257843
93800000 0.255295
93900000 0.256192
94000000 0.252359
94100000 0.252038
94200000 0.256121
94300000 0.253381
94400000 0.255926
94500000 0.258993
94600000 0.256519
94700000 0.254888
94800000 0.260113
94900000 0.258681
95000000 0.260492
95100000 0.256450
95200000 0.257203
95300000 0.260488
95400000 0.258013
95500000 0.256957
95600000 0.256956
95700000 0.256509
95800000 0.257613
95900000 0.257057
96000000 0.257383
96100000 0.258293
96200000 0.259552
96300000 0.257761
96400000 0.261512
96500000 0.260464
96600000 0.259966
96700000 0.259097
96800000 0.260567
96900000 0.260573
97000000 0.260097
97100000 0.263894
97200000 0.262266
97300000 0.262000
97400000 0.263266
97500000 0.261780
97600000 0.262550
97700000 0.264268
97800000 0.263893
97900000 0.267637
98000000 0.267692
98100000 0.265360
98200000 0.266593
98300000 0.268810
98400000 0.264957
98500000 0.265166
98600000 0.265270
98700000 0.268238
98800000 0.269227
98900000 0.268893
99000000 0.268944
99100000 0.267865
99200000 0.267506
99300000 0.269634
99400000 0.269040
99500000 0.270573
99600000 0.270061
99700000 0.269757
99800000 0.271433
99900000 0.268858
