100000 0.001368
200000 0.002753
300000 0.004108
400000 0.005504
500000 0.004927
600000 0.005543
700000 0.006720
800000 0.007606
900000 0.008354
1000000 0.009309
1100000 0.010230
1200000 0.011263
1300000 0.012073
1400000 0.012890
1500000 0.013993
1600000 0.014856
1700000 0.015914
1800000 0.017002
1900000 0.017468
2000000 0.018835
2100000 0.019318
2200000 0.020397
2300000 0.021497
2400000 0.022134
2500000 0.023226
2600000 0.024037
2700000 0.024826
2800000 0.026214
2900000 0.026774
3000000 0.027997
3100000 0.028917
3200000 0.029865
3300000 0.030872
3400000 0.031517
3500000 0.032561
3600000 0.033680
3700000 0.034410
3800000 0.035484
3900000 0.036069
4000000 0.037135
4100000 0.038162
4200000 0.038993
4300000 0.040300
4400000 0.040732
4500000 0.041937
4600000 0.042589
4700000 0.043352
4800000 0.044973
4900000 0.045088
5000000 0.046147
5100000 0.047141
5200000 0.048393
5300000 0.048960
5400000 0.049825
5500000 0.050841
5600000 0.052028
5700000 0.052426
5800000 0.053696
5900000 0.054186
6000000 0.055506
6100000 0.056532
6200000 0.058157
6300000 0.058617
6400000 0.059214
6500000 0.060278
6600000 0.061218
6700000 0.062490
6800000 0.062778
6900000 0.063591
7000000 0.064848
7100000 0.065921
7200000 0.067109
7300000 0.068877
7400000 0.068981
7500000 0.069308
7600000 0.070552
7700000 0.070968
7800000 0.071941
7900000 0.072842
8000000 0.073861
8100000 0.075317
8200000 0.075367
8300000 0.076364
8400000 0.077714
8500000 0.078039
8600000 0.080321
8700000 0.080452
8800000 0.081955
8900000 0.082170
9000000 0.083960
9100000 0.084303
9200000 0.085336
9300000 0.086123
9400000 0.087087
9500000 0.088445
9600000 0.089152
9700000 0.089823
9800000 0.091605
9900000 0.091642
10000000 0.092282
10100000 0.093149
10200000 0.094011
10300000 0.095135
10400000 0.095849
10500000 0.096810
10600000 0.097638
10700000 0.098899
10800000 0.100772
10900000 0.100600
11000000 0.100850
11100000 0.102539
11200000 0.102846
11300000 0.104460
11400000 0.105144
11500000 0.105562
11600000 0.106579
11700000 0.107498
11800000 0.108359
11900000 0.109647
12000000 0.110046
12100000 0.111071
12200000 0.111921
12300000 0.113474
12400000 0.114499
12500000 0.116193
12600000 0.116027
12700000 0.116915
12800000 0.117603
12900000 0.118691
13000000 0.119910
13100000 0.120517
13200000 0.121251
13300000 0.122480
13400000 0.123820
13500000 0.125747
13600000 0.125757
13700000 0.126178
13800000 0.127071
13900000 0.128231
14000000 0.129064
14100000 0.129924
14200000 0.131808
14300000 0.133115
14400000 0.134040
14500000 0.134453
14600000 0.135592
14700000 0.136189
14800000 0.136773
14900000 0.137700
15000000 0.139494
15100000 0.139048
15200000 0.139432
15300000 0.140909
15400000 0.141184
15500000 0.142471
15600000 0.143806
15700000 0.144482
15800000 0.146614
15900000 0.146755
16000000 0.148373
16100000 0.148663
16200000 0.150014
16300000 0.149850
16400000 0.151040
16500000 0.151707
16600000 0.155325
16700000 0.156692
16800000 0.155370
16900000 0.155623
17000000 0.156388
17100000 0.158151
17200000 0.158002
17300000 0.159382
17400000 0.160901
17500000 0.160991
17600000 0.161328
17700000 0.162959
17800000 0.163023
17900000 0.164398
18000000 0.164603
18100000 0.166618
18200000 0.167065
18300000 0.168600
18400000 0.169930
18500000 0.175131
18600000 0.176547
18700000 0.176504
18800000 0.177848
18900000 0.177246
19000000 0.176883
19100000 0.179529
19200000 0.182410
19300000 0.180952
19400000 0.182805
19500000 0.181333
19600000 0.179276
19700000 0.180526
19800000 0.181338
19900000 0.181898
20000000 0.182954
20100000 0.184152
20200000 0.186367
20300000 0.186401
20400000 0.187320
20500000 0.188077
20600000 0.188346
20700000 0.190024
20800000 0.190616
20900000 0.191510
21000000 0.194148
21100000 0.194466
21200000 0.194404
21300000 0.194376
21400000 0.196650
21500000 0.196668
21600000 0.197910
21700000 0.204236
21800000 0.205097
21900000 0.205700
22000000 0.203829
22100000 0.207486
22200000 0.208100
22300000 0.207496
22400000 0.206263
22500000 0.206604
22600000 0.207619
22700000 0.208736
22800000 0.208751
22900000 0.210324
23000000 0.211636
23100000 0.215969
23200000 0.212681
23300000 0.214420
23400000 0.214518
23500000 0.216348
23600000 0.216967
23700000 0.218444
23800000 0.218174
23900000 0.218999
24000000 0.220297
24100000 0.220894
24200000 0.223140
24300000 0.224858
24400000 0.224898
24500000 0.225031
24600000 0.226241
24700000 0.227016
24800000 0.228288
24900000 0.228231
25000000 0.228459
25100000 0.230768
25200000 0.232264
25300000 0.231816
25400000 0.232142
25500000 0.237605
25600000 0.235403
25700000 0.237190
25800000 0.236483
25900000 0.237448
26000000 0.237904
26100000 0.241524
26200000 0.239100
26300000 0.242636
26400000 0.243411
26500000 0.245295
26600000 0.245485
26700000 0.245405
26800000 0.246403
26900000 0.246894
27000000 0.247677
27100000 0.249468
27200000 0.252746
27300000 0.251107
27400000 0.252933
27500000 0.252839
27600000 0.254654
27700000 0.255027
27800000 0.256257
27900000 0.256313
28000000 0.257004
28100000 0.259435
28200000 0.260345
28300000 0.261278
28400000 0.261475
28500000 0.262265
28600000 0.261121
28700000 0.262436
28800000 0.264667
28900000 0.264033
29000000 0.265719
29100000 0.265562
29200000 0.267458
29300000 0.266843
29400000 0.267964
29500000 0.268676
29600000 0.270996
29700000 0.272750
29800000 0.273117
29900000 0.275805
30000000 0.275641
30100000 0.276841
30200000 0.276463
30300000 0.277873
30400000 0.278552
30500000 0.279738
30600000 0.279890
30700000 0.281444
30800000 0.282007
30900000 0.284393
31000000 0.283136
31100000 0.286207
31200000 0.284685
31300000 0.286110
31400000 0.288087
31500000 0.288885
31600000 0.289849
31700000 0.291076
31800000 0.294080
31900000 0.297568
32000000 0.292111
32100000 0.293782
32200000 0.294162
32300000 0.295537
32400000 0.295673
32500000 0.296592
32600000 0.297906
32700000 0.299540
32800000 0.300019
32900000 0.305150
33000000 0.302741
33100000 0.304145
33200000 0.303374
33300000 0.306217
33400000 0.306643
33500000 0.306556
33600000 0.308469
33700000 0.309824
33800000 0.309066
33900000 0.311514
34000000 0.312363
34100000 0.313656
34200000 0.319475
34300000 0.315896
34400000 0.314428
34500000 0.317741
34600000 0.316729
34700000 0.318995
34800000 0.317446
34900000 0.319912
35000000 0.320493
35100000 0.322074
35200000 0.322973
35300000 0.323846
35400000 0.324717
35500000 0.324620
35600000 0.326015
35700000 0.327990
35800000 0.328304
35900000 0.328489
36000000 0.328696
36100000 0.329588
36200000 0.331737
36300000 0.331875
36400000 0.333215
36500000 0.337597
36600000 0.337593
36700000 0.338694
36800000 0.338779
36900000 0.339493
37000000 0.339871
37100000 0.341532
37200000 0.341914
37300000 0.346107
37400000 0.345689
37500000 0.341818
37600000 0.345212
37700000 0.343218
37800000 0.345799
37900000 0.347179
38000000 0.346846
38100000 0.347304
38200000 0.348639
38300000 0.351123
38400000 0.352308
38500000 0.351731
38600000 0.352476
38700000 0.353380
38800000 0.353495
38900000 0.353426
39000000 0.356265
39100000 0.358723
39200000 0.358698
39300000 0.359178
39400000 0.360641
39500000 0.361620
39600000 0.362073
39700000 0.363779
39800000 0.364921
39900000 0.363842
40000000 0.366596
40100000 0.367509
40200000 0.369572
40300000 0.369020
40400000 0.370213
40500000 0.372421
40600000 0.373410
40700000 0.373218
40800000 0.373350
40900000 0.373921
41000000 0.374277
41100000 0.380114
41200000 0.382509
41300000 0.384513
41400000 0.383081
41500000 0.386290
41600000 0.387501
41700000 0.392051
41800000 0.386077
41900000 0.385641
42000000 0.382660
42100000 0.384475
42200000 0.385120
42300000 0.384863
42400000 0.389335
42500000 0.387435
42600000 0.391629
42700000 0.397732
42800000 0.398129
42900000 0.397815
43000000 0.399226
43100000 0.395114
43200000 0.398027
43300000 0.398182
43400000 0.398633
43500000 0.397793
43600000 0.397276
43700000 0.397884
43800000 0.400082
43900000 0.402286
44000000 0.400793
44100000 0.403176
44200000 0.405599
44300000 0.408895
44400000 0.410686
44500000 0.411355
44600000 0.410507
44700000 0.413085
44800000 0.416368
44900000 0.413931
45000000 0.411516
45100000 0.412065
45200000 0.413307
45300000 0.415872
45400000 0.415332
45500000 0.418610
45600000 0.416744
45700000 0.416651
45800000 0.418537
45900000 0.418805
46000000 0.420755
46100000 0.420781
46200000 0.422216
46300000 0.423780
46400000 0.425310
46500000 0.428432
46600000 0.432016
46700000 0.430056
46800000 0.431675
46900000 0.432203
47000000 0.433174
47100000 0.433170
47200000 0.434195
47300000 0.435775
47400000 0.436705
47500000 0.435145
47600000 0.436372
47700000 0.438818
47800000 0.438221
47900000 0.437662
48000000 0.439166
48100000 0.439236
48200000 0.441279
48300000 0.441856
48400000 0.443262
48500000 0.444731
48600000 0.443770
48700000 0.444203
48800000 0.445411
48900000 0.448476
49000000 0.447843
49100000 0.448978
49200000 0.449924
49300000 0.448785
49400000 0.451912
49500000 0.452956
49600000 0.454669
49700000 0.453047
49800000 0.454701
49900000 0.457444
50000000 0.456117
50100000 0.458148
50200000 0.459078
50300000 0.459215
50400000 0.459758
50500000 0.460196
50600000 0.460495
50700000 0.462062
50800000 0.463975
50900000 0.465130
51000000 0.464893
51100000 0.467169
51200000 0.468044
51300000 0.467578
51400000 0.468839
51500000 0.470459
51600000 0.471020
51700000 0.470881
51800000 0.471527
51900000 0.476815
52000000 0.477979
52100000 0.479164
52200000 0.480880
52300000 0.480080
52400000 0.482263
52500000 0.483109
52600000 0.483699
52700000 0.483126
52800000 0.483506
52900000 0.484564
53000000 0.485465
53100000 0.485279
53200000 0.485646
53300000 0.487619
53400000 0.489488
53500000 0.489522
53600000 0.489969
53700000 0.489333
53800000 0.492316
53900000 0.493069
54000000 0.494155
54100000 0.494009
54200000 0.495351
54300000 0.496989
54400000 0.499667
54500000 0.499878
54600000 0.497124
54700000 0.498342
54800000 0.497619
54900000 0.500390
55000000 0.500941
55100000 0.504295
55200000 0.502655
55300000 0.502534
55400000 0.502969
55500000 0.505536
55600000 0.506107
55700000 0.509426
55800000 0.508815
55900000 0.518538
56000000 0.514225
56100000 0.516310
56200000 0.518282
56300000 0.522466
56400000 0.522548
56500000 0.524035
56600000 0.518099
56700000 0.519606
56800000 0.521053
56900000 0.520186
57000000 0.521475
57100000 0.523760
57200000 0.522193
57300000 0.524779
57400000 0.522750
57500000 0.524145
57600000 0.525269
57700000 0.527384
57800000 0.527872
57900000 0.532733
58000000 0.532041
58100000 0.531156
58200000 0.530695
58300000 0.532162
58400000 0.533860
58500000 0.536926
58600000 0.537044
58700000 0.537391
58800000 0.538919
58900000 0.539395
59000000 0.540620
59100000 0.540411
59200000 0.541990
59300000 0.543037
59400000 0.544361
59500000 0.545178
59600000 0.549183
59700000 0.548309
59800000 0.549761
59900000 0.548938
60000000 0.548626
60100000 0.551465
60200000 0.549282
60300000 0.551189
60400000 0.552846
60500000 0.560583
60600000 0.556069
60700000 0.555550
60800000 0.555801
60900000 0.557255
61000000 0.559734
61100000 0.561674
61200000 0.559609
61300000 0.558139
61400000 0.560122
61500000 0.560168
61600000 0.561728
61700000 0.569552
61800000 0.563588
61900000 0.564445
62000000 0.565233
62100000 0.564147
62200000 0.564846
62300000 0.568005
62400000 0.567891
62500000 0.568890
62600000 0.572520
62700000 0.573417
62800000 0.574214
62900000 0.574906
63000000 0.579659
63100000 0.577674
63200000 0.575037
63300000 0.578669
63400000 0.578257
63500000 0.579174
63600000 0.580826
63700000 0.582115
63800000 0.580576
63900000 0.582722
64000000 0.582285
64100000 0.584461
64200000 0.585405
64300000 0.596641
64400000 0.589389
64500000 0.588894
64600000 0.591360
64700000 0.591162
64800000 0.593712
64900000 0.592694
65000000 0.594205
65100000 0.594433
65200000 0.597704
65300000 0.595078
65400000 0.595817
65500000 0.596928
65600000 0.598512
65700000 0.598885
65800000 0.608398
65900000 0.603496
66000000 0.602209
66100000 0.603434
66200000 0.607032
66300000 0.608763
66400000 0.607000
66500000 0.607309
66600000 0.607090
66700000 0.607764
66800000 0.609460
66900000 0.609665
67000000 0.612598
67100000 0.611861
67200000 0.612637
67300000 0.612971
67400000 0.620378
67500000 0.617723
67600000 0.617944
67700000 0.617645
67800000 0.618635
67900000 0.623642
68000000 0.619909
68100000 0.620881
68200000 0.622235
68300000 0.624386
68400000 0.623734
68500000 0.625821
68600000 0.625976
68700000 0.628362
68800000 0.627012
68900000 0.630687
69000000 0.630691
69100000 0.636311
69200000 0.633534
69300000 0.629728
69400000 0.633191
69500000 0.634570
69600000 0.637810
69700000 0.640189
69800000 0.638628
69900000 0.638860
70000000 0.637590
70100000 0.645288
70200000 0.641872
70300000 0.639251
70400000 0.639437
70500000 0.641123
70600000 0.642058
70700000 0.642825
70800000 0.647181
70900000 0.649916
71000000 0.644533
71100000 0.646996
71200000 0.646991
71300000 0.650706
71400000 0.650357
71500000 0.650718
71600000 0.651692
71700000 0.651103
71800000 0.652300
71900000 0.654611
72000000 0.654399
72100000 0.655149
72200000 0.655994
72300000 0.659818
72400000 0.660898
72500000 0.661066
72600000 0.662402
72700000 0.663657
72800000 0.664129
72900000 0.666874
73000000 0.669843
73100000 0.666263
73200000 0.670886
73300000 0.673526
73400000 0.670203
73500000 0.672552
73600000 0.672796
73700000 0.676392
73800000 0.676257
73900000 0.674610
74000000 0.676270
74100000 0.679002
74200000 0.677805
74300000 0.678821
74400000 0.678788
74500000 0.680562
74600000 0.681549
74700000 0.683119
74800000 0.682407
74900000 0.683507
75000000 0.685085
75100000 0.685596
75200000 0.686909
75300000 0.689143
75400000 0.692037
75500000 0.688576
75600000 0.693493
75700000 0.694140
75800000 0.692157
75900000 0.693865
76000000 0.695302
76100000 0.695423
76200000 0.696214
76300000 0.695209
76400000 0.698211
76500000 0.699878
76600000 0.699367
76700000 0.699292
76800000 0.700644
76900000 0.699129
77000000 0.702394
77100000 0.701753
77200000 0.704235
77300000 0.707621
77400000 0.707834
77500000 0.710661
77600000 0.711054
77700000 0.711529
77800000 0.711610
77900000 0.713185
78000000 0.715131
78100000 0.716690
78200000 0.721532
78300000 0.728041
78400000 0.724795
78500000 0.715701
78600000 0.719805
78700000 0.724043
78800000 0.717787
78900000 0.719178
79000000 0.730591
79100000 0.734030
79200000 0.729432
79300000 0.726117
79400000 0.729567
79500000 0.725142
79600000 0.726740
79700000 0.733218
79800000 0.731765
79900000 0.738930
80000000 0.737765
80100000 0.738551
80200000 0.737507
80300000 0.732462
80400000 0.733891
80500000 0.737409
80600000 0.741056
80700000 0.744232
80800000 0.739886
80900000 0.742835
81000000 0.750983
81100000 0.752692
81200000 0.753286
81300000 0.756773
81400000 0.757880
81500000 0.755406
81600000 0.753119
81700000 0.755122
81800000 0.752841
81900000 0.750774
82000000 0.751097
82100000 0.751712
82200000 0.754304
82300000 0.767749
82400000 0.755790
82500000 0.752594
82600000 0.754743
82700000 0.753154
82800000 0.758533
82900000 0.757028
83000000 0.755512
83100000 0.755890
83200000 0.759101
83300000 0.762036
83400000 0.760023
83500000 0.761187
83600000 0.762798
83700000 0.763137
83800000 0.764022
83900000 0.767400
84000000 0.769787
84100000 0.779036
84200000 0.766259
84300000 0.766726
84400000 0.770680
84500000 0.771592
84600000 0.770918
84700000 0.773269
84800000 0.775297
84900000 0.772862
85000000 0.776018
85100000 0.779371
85200000 0.780406
85300000 0.781191
85400000 0.783203
85500000 0.783198
85600000 0.784216
85700000 0.782186
85800000 0.784624
85900000 0.787117
86000000 0.787772
86100000 0.787647
86200000 0.789455
86300000 0.793662
86400000 0.798212
86500000 0.798901
86600000 0.791750
86700000 0.793334
86800000 0.790986
86900000 0.791165
87000000 0.795192
87100000 0.802881
87200000 0.812075
87300000 0.814847
87400000 0.803152
87500000 0.810194
87600000 0.803833
87700000 0.802123
87800000 0.806607
87900000 0.802002
88000000 0.805006
88100000 0.805694
88200000 0.808434
88300000 0.809831
88400000 0.810002
88500000 0.809383
88600000 0.807824
88700000 0.808887
88800000 0.812046
88900000 0.810304
89000000 0.812836
89100000 0.817653
89200000 0.814883
89300000 0.814785
89400000 0.814735
89500000 0.818943
89600000 0.820372
89700000 0.825243
89800000 0.820274
89900000 0.821700
90000000 0.820574
90100000 0.819698
90200000 0.821262
90300000 0.822214
90400000 0.823055
90500000 0.824384
90600000 0.828375
90700000 0.828594
90800000 0.829000
90900000 0.829473
91000000 0.833705
91100000 0.842058
91200000 0.828313
91300000 0.830550
91400000 0.831086
91500000 0.832025
91600000 0.833334
91700000 0.832306
91800000 0.833528
91900000 0.836806
92000000 0.838573
92100000 0.838766
92200000 0.837576
92300000 0.840479
92400000 0.841527
92500000 0.842040
92600000 0.842143
92700000 0.843067
92800000 0.844820
92900000 0.846285
93000000 0.846687
93100000 0.855962
93200000 0.853548
93300000 0.857318
93400000 0.856194
93500000 0.858755
93600000 0.857807
93700000 0.855299
93800000 0.858408
93900000 0.861217
94000000 0.860204
94100000 0.859956
94200000 0.857106
94300000 0.860098
94400000 0.859946
94500000 0.862832
94600000 0.869140
94700000 0.873645
94800000 0.869484
94900000 0.866512
95000000 0.864400
95100000 0.866901
95200000 0.873659
95300000 0.876958
95400000 0.872318
95500000 0.874078
95600000 0.872412
95700000 0.872270
95800000 0.874639
95900000 0.875626
96000000 0.874774
96100000 0.876075
96200000 0.877827
96300000 0.877500
96400000 0.884489
96500000 0.881539
96600000 0.883891
96700000 0.881563
96800000 0.881560
96900000 0.887325
97000000 0.885645
97100000 0.885255
97200000 0.910864
97300000 0.945108
97400000 0.946155
97500000 0.947039
97600000 0.944283
97700000 0.889647
97800000 0.890564
97900000 0.892484
98000000 0.895118
98100000 0.893227
98200000 0.893949
98300000 0.896136
98400000 0.897954
98500000 0.900091
98600000 0.900278
98700000 0.903485
98800000 0.904432
98900000 0.905839
99000000 0.905442
99100000 0.903681
99200000 0.908057
99300000 0.908001
99400000 0.911378
99500000 0.911922
99600000 0.911597
99700000 0.910153
99800000 0.911051
99900000 0.913403
100000000 0.910292
